2,0,attaquant|144|2000|0|0|0|(78.523231,54.879909)(-0.394161,0.059393)|2:0:(147.151038,45.106126)(-0.010807,-0.000188)(0.838154,-0.106314)(-90.000000,-9.820516)|1:0:(100.737264,52.546682)(-0.994335,0.106291)(-22.814207,2.380125)(90.000000,-9.820516)|1:1:(30.000289,54.839332)(0.009312,-0.116522)(0.009024,-0.135337)(90.000000,-9.820516)|2:1:(114.000756,50.113755)(-0.991174,0.132570)(-36.074538,4.839332)(-90.000000,0.000000)
2,0,defenseur|888|2000|0|1|0|(134.897570,57.454182)(0.516035,0.070781)|2:0:(50.260187,45.044035)(-0.986887,-0.161410)(-1.247074,-0.205444)(-0.000000,0.000000)|1:0:(115.379680,56.092863)(0.994762,0.102219)(19.996617,1.392756)(90.000000,-12.383400)|1:1:(48.097076,52.744760)(-0.974932,0.222504)(-19.072008,4.861145)(90.000000,-12.383400)|2:1:(123.386813,58.129123)(0.999378,0.035267)(11.994100,-0.710456)(-90.000000,0.000000)
2,0,attaquant|948|2000|0|1|0|(76.034105,74.543743)(-0.177041,0.045965)|2:0:(77.267139,75.277119)(-0.743294,0.668965)(-1.799287,-0.110376)(-90.000000,0.000000)|1:0:(96.762284,69.988176)(-0.977145,0.212574)(-21.528282,4.722176)(90.000000,-29.497778)|1:1:(29.726528,74.480530)(-0.253557,0.020540)(0.019916,0.037788)(90.000000,-29.497778)|2:1:(102.240617,68.376926)(-0.973680,0.227921)(-27.003150,6.348774)(-90.000000,0.000000)
2,0,attaquant|1086|2000|0|1|0|(80.057393,61.725004)(0.060242,0.016889)|2:0:(51.068312,44.767259)(-0.139263,-0.185310)(-1.207575,0.047432)(-0.000000,0.000000)|1:0:(79.658831,61.564051)(-0.578335,0.815799)(-0.240016,0.959863)(90.000000,-16.708115)|1:1:(29.860037,61.500007)(0.671441,-0.016834)(0.811404,0.191275)(90.000000,-16.708115)|2:1:(93.408513,62.559008)(-0.998125,-0.061211)(-14.409487,-0.912104)(-90.000000,0.000000)
2,0,defenseur|1172|2000|0|1|0|(77.075325,83.137830)(0.595432,0.041463)|2:0:(45.073809,81.745302)(0.821890,-0.501507)(5.748081,-37.246809)(-0.000000,0.000000)|1:0:(99.406118,45.899721)(-0.308612,0.482944)(-23.234836,37.679591)(90.000000,-38.096367)|1:1:(35.450118,81.505102)(0.229611,0.249556)(-5.220507,1.840822)(90.000000,-38.096367)|2:1:(118.213638,84.292801)(-0.727654,0.211275)(-42.461398,-0.985159)(-90.000000,0.000000)
2,0,attaquant|1239|2000|0|1|0|(25.876126,82.743095)(-0.595627,-0.009626)|2:0:(110.478086,83.537274)(0.997482,-0.070923)(10.519396,-0.855475)(-90.000000,-37.752721)|1:0:(91.772762,66.241125)(0.362384,-0.932029)(8.589622,-22.173154)(0.000000,0.000000)|1:1:(34.619263,81.515559)(-0.999742,0.022734)(-9.147251,1.259895)(90.000000,0.000000)|2:1:(108.192182,83.272663)(0.999296,-0.037506)(12.807115,-0.557448)(-90.000000,-37.752721)
2,0,defenseur|1279|2000|0|1|0|(77.049278,74.133967)(0.723937,-0.108928)|2:0:(80.642332,78.870541)(-0.861994,-0.506918)(-31.504327,-34.377459)(-0.000000,0.000000)|1:0:(100.016669,44.455078)(-0.143844,0.047061)(-23.835173,29.834878)(90.000000,-29.242896)|1:1:(36.611377,78.972534)(0.520954,-0.360358)(-6.090423,-5.089997)(90.000000,-29.242896)|2:1:(119.793649,73.418823)(-0.133709,-0.316028)(-43.602018,0.508045)(-90.000000,0.000000)
2,0,attaquant|1305|2000|0|1|0|(69.737921,76.725118)(-4.548099,1.121850)|2:0:(85.008185,73.860542)(-0.125863,-0.156595)(34.865951,1.586131)(-90.000000,-30.603268)|1:0:(87.682107,64.650039)(-0.278493,0.644296)(12.039400,-19.005744)(0.000000,0.000000)|1:1:(31.481046,72.476794)(0.331591,-0.074602)(43.136565,3.051872)(90.000000,0.000000)|2:1:(96.002563,72.395262)(-0.700377,0.081382)(23.297060,3.289388)(-90.000000,-30.603268)
2,0,defenseur|1350|2000|0|1|0|(21.301391,88.672641)(-0.156325,0.038560)|2:0:(45.018986,82.761261)(-0.970309,0.241868)(-24.531580,6.114688)(-90.000000,-43.634082)|1:0:(99.988789,45.034625)(0.258720,-0.503161)(0.269931,-0.537787)(0.000000,0.000000)|1:1:(20.149992,88.729269)(-0.074743,0.062245)(1.232981,-0.032943)(90.000000,0.000000)|2:1:(119.708149,87.770960)(0.036904,-0.317192)(0.328755,0.545930)(-90.000000,-43.634082)
2,0,attaquant|1392|2000|0|1|0|(84.758372,87.942020)(0.286743,-0.014740)|2:0:(77.486049,87.750227)(0.998291,0.058438)(7.983871,0.264972)(-90.000000,0.000000)|1:0:(93.726234,58.577786)(-0.348432,0.937334)(-9.603037,30.316309)(90.000000,-42.956760)|1:1:(29.445468,87.936213)(-0.996355,-0.085306)(-0.441823,-0.064759)(90.000000,-42.956760)|2:1:(104.315422,87.604662)(-0.999967,0.008155)(-20.843760,0.360253)(-90.000000,0.000000)
2,0,defenseur|1455|2000|0|1|0|(39.217514,76.153403)(4.676522,-0.271837)|2:0:(33.163678,77.394235)(-0.813570,-0.230951)(0.563744,-1.199945)(-90.000000,-31.425241)|1:0:(100.589562,43.376910)(0.147044,-0.404077)(-0.442518,1.219013)(0.000000,0.000000)|1:1:(22.468127,76.752977)(0.305326,-0.099048)(12.378191,-0.426785)(90.000000,0.000000)|2:1:(120.230536,76.984719)(0.852528,-0.522682)(0.621991,-1.082160)(-90.000000,-31.425241)
2,0,attaquant|1488|2000|0|1|0|(86.207958,73.421937)(0.348738,-0.020271)|2:0:(59.592140,74.591163)(0.999093,-0.042575)(27.266173,-1.191529)(-90.000000,0.000000)|1:0:(92.209470,56.904614)(-0.443937,0.896058)(-6.794187,17.433653)(90.000000,-28.442209)|1:1:(28.538320,73.469473)(-0.564465,0.076369)(0.897214,0.049104)(90.000000,-28.442209)|2:1:(106.734245,71.141337)(-0.998757,0.049848)(-21.873781,2.350720)(-90.000000,0.000000)
2,0,defenseur|1533|2000|0|1|0|(145.066399,50.352793)(0.515432,-0.212449)|2:0:(50.011716,45.059497)(0.441391,0.504639)(0.429675,0.445142)(-0.000000,0.000000)|1:0:(113.028715,67.528612)(0.880286,-0.474443)(32.402538,-17.437814)(90.000000,-5.565242)|1:1:(30.010895,49.429731)(0.022788,-0.229758)(0.011894,0.905753)(90.000000,-5.565242)|2:1:(108.507983,64.421017)(0.933289,-0.359127)(36.976273,-14.214902)(-90.000000,0.000000)
2,0,attaquant|1576|2000|1|1|0|(75.000000,45.000000)(0.000000,0.000000)|2:0:(122.126687,41.739079)(-0.546268,0.837611)(-2.672955,4.098531)(-90.000000,0.000000)|1:0:(37.004603,30.435098)(0.933746,0.357936)(38.929143,14.922838)(90.000000,0.000000)|1:1:(28.275561,47.529178)(0.563337,-0.826227)(2.287776,-3.355405)(90.000000,0.000000)|2:1:(121.724439,47.529178)(-0.563337,-0.826227)(-2.287776,-3.355405)(-90.000000,0.000000)
2,0,defenseur|1629|2000|1|1|0|(116.959675,58.067235)(1.724493,0.537048)|2:0:(70.677169,45.158294)(-0.999891,-0.014777)(-21.677060,-0.173071)(-0.000000,0.000000)|1:0:(86.681977,48.871084)(0.955151,0.296119)(29.508355,8.955222)(90.000000,-12.530187)|1:1:(29.835519,54.921798)(0.029465,0.999566)(0.193947,3.607954)(90.000000,-12.530187)|2:1:(112.005931,49.361584)(-0.551984,0.833854)(2.677265,9.002457)(-90.000000,0.000000)
2,0,attaquant|1672|2000|1|1|0|(100.879600,69.268340)(-1.740316,0.234769)|2:0:(101.618161,57.768772)(0.641842,0.766837)(1.643596,12.031636)(-90.000000,0.000000)|1:0:(120.914879,65.473358)(-0.530177,0.738593)(-18.825141,4.298806)(90.000000,-24.033571)|1:1:(29.991146,69.212347)(0.013110,0.473728)(0.021964,0.294952)(90.000000,-24.033571)|2:1:(132.278527,66.393604)(-0.981378,0.192089)(-30.639990,2.832056)(-90.000000,0.000000)
2,0,defenseur|1927|2000|1|1|0|(89.729065,13.238521)(-0.079827,-0.604791)|2:0:(49.999937,44.999976)(-0.000026,-0.000010)(0.000037,0.000014)(-0.000000,0.000000)|1:0:(91.442479,35.896956)(-0.070667,-0.997500)(-1.704255,-23.051144)(90.000000,-31.156688)|1:1:(30.000000,35.196624)(-0.000000,-1.000000)(-0.000000,-22.353312)(90.000000,-31.156688)|2:1:(91.351224,35.725209)(-0.066935,-0.997757)(-1.609267,-22.879655)(-90.000000,0.000000)
2,0,attaquant|1977|2000|1|1|0|(55.057871,17.866600)(-3.718480,0.542378)|2:0:(82.192029,11.890735)(0.933059,-0.359723)(38.741030,5.073764)(-90.000000,-27.675778)|1:0:(79.530878,8.264355)(0.013149,0.999914)(20.482271,37.735558)(0.000000,0.000000)|1:1:(31.715210,9.602223)(0.625727,0.780042)(27.686868,8.502041)(90.000000,0.000000)|2:1:(80.392120,7.562265)(0.348494,0.752967)(39.956374,10.514924)(-90.000000,-27.675778)
2,0,defenseur|74|2000|0|0|0|(107.860410,40.524005)(2.768338,-0.377082)|2:0:(145.054527,40.002740)(0.057064,-0.755272)(0.002537,0.143075)(-90.000000,-4.098913)|1:0:(82.222082,45.685836)(0.998424,-0.056120)(23.868413,-4.840869)(90.000000,-4.098913)|1:1:(29.878188,40.823055)(0.056538,-0.982250)(0.178350,-0.904217)(90.000000,-4.098913)|2:1:(115.710019,44.956756)(-0.986323,-0.119359)(-11.604270,-4.175028)(-90.000000,0.000000)
2,0,attaquant|125|2000|0|0|0|(92.414818,34.875959)(-1.536937,-0.043438)|2:0:(127.566819,36.091898)(-0.999631,-0.027178)(-34.614695,-1.199679)(-90.000000,0.000000)|1:0:(118.646654,34.559491)(-0.969884,-0.243568)(-25.664783,0.116339)(90.000000,-10.080603)|1:1:(29.985570,34.944543)(0.024506,-0.135614)(0.038936,-0.160759)(90.000000,-10.080603)|2:1:(131.935372,35.848601)(-0.999446,-0.033291)(-38.983063,-0.962495)(-90.000000,0.000000)
2,0,defenseur|377|2000|0|1|0|(133.037470,42.939664)(0.681180,-0.073380)|2:0:(51.068634,45.305316)(0.130014,0.055266)(-0.938620,-0.250050)(-0.000000,0.000000)|1:0:(96.853370,47.610245)(0.991793,-0.127855)(36.494713,-4.725056)(90.000000,-1.986955)|1:1:(30.114529,43.305516)(0.042414,-0.007012)(-0.072115,-0.299484)(90.000000,-1.986955)|2:1:(115.074908,44.066092)(0.996961,-0.077907)(18.278343,-1.130954)(-90.000000,0.000000)
2,0,attaquant|431|2000|0|1|0|(96.672298,42.257366)(-1.665151,0.011455)|2:0:(100.846560,42.715354)(0.686796,-0.305481)(-1.822315,-0.774923)(-90.000000,0.000000)|1:0:(132.185377,41.219421)(-0.999819,-0.019049)(-34.847746,1.007441)(90.000000,-2.754088)|1:1:(30.006810,42.257924)(0.001603,0.023904)(-0.005207,0.011891)(90.000000,-2.754088)|2:1:(134.372247,41.621700)(-0.999993,0.003851)(-37.034791,0.628062)(-90.000000,0.000000)
2,0,defenseur|580|2000|0|1|0|(58.459131,16.885666)(1.000172,-0.323106)|2:0:(27.983327,24.984610)(0.928910,-0.370305)(30.404542,-8.146143)(-90.000000,-27.791228)|1:0:(100.005274,44.999586)(0.023208,-0.005682)(0.017934,-0.005268)(0.000000,0.000000)|1:1:(18.231711,27.637590)(0.960981,-0.276615)(40.188229,-10.705433)(90.000000,0.000000)|2:1:(120.017709,16.308946)(0.019846,-0.947772)(0.002137,-0.047946)(-90.000000,-27.791228)
2,0,attaquant|666|2000|0|1|0|(132.147502,6.739105)(0.555027,-0.052442)|2:0:(110.516409,8.548662)(0.995026,-0.099619)(22.071093,-1.856734)(-90.000000,0.000000)|1:0:(107.899351,22.932640)(0.763866,-0.645375)(24.456991,-16.786468)(90.000000,-38.208453)|1:1:(51.559097,9.139332)(-0.995431,-0.095481)(-22.554528,-2.443266)(90.000000,-38.208453)|2:1:(121.200742,5.703760)(0.999961,-0.008870)(11.391694,1.078917)(-90.000000,0.000000)
2,0,defenseur|1066|2000|0|1|0|(111.418678,6.444699)(2.130638,-0.154805)|2:0:(67.615589,15.723356)(-0.567097,0.823651)(-18.182686,30.100295)(-0.000000,0.000000)|1:0:(98.425956,37.735160)(0.015662,-0.999877)(10.877747,-32.135533)(90.000000,-38.400496)|1:1:(61.340073,8.499996)(-0.998177,-0.060347)(-32.338251,-1.960840)(90.000000,-38.400496)|2:1:(112.472974,9.083144)(-0.978446,-0.206505)(-4.163379,-2.690145)(-90.000000,0.000000)
2,0,attaquant|1108|2000|0|1|0|(101.734627,13.549042)(-2.467564,0.636004)|2:0:(102.053441,13.030780)(0.980969,-0.194163)(3.129719,-0.311905)(-90.000000,0.000000)|1:0:(122.499661,8.791742)(-0.401584,-0.377411)(-18.699054,3.743885)(90.000000,-32.086962)|1:1:(28.840148,8.532016)(0.222864,0.974850)(1.382716,5.355872)(90.000000,-32.086962)|2:1:(136.111340,5.979094)(-0.681559,0.245412)(-32.590708,7.179356)(-90.000000,0.000000)
2,0,defenseur|1228|2000|0|1|0|(37.016484,23.384838)(2.778970,0.045876)|2:0:(11.265515,22.957242)(0.405564,0.010100)(23.377563,0.391820)(-90.000000,-21.661038)|1:0:(100.044223,45.058069)(0.039614,0.049171)(-0.004609,-0.008898)(0.000000,0.000000)|1:1:(4.204563,22.977672)(0.708581,0.019159)(30.741532,0.380449)(90.000000,0.000000)|2:1:(120.013164,23.307225)(0.015487,0.021716)(0.002323,0.053453)(-90.000000,-21.661038)
2,0,attaquant|1278|2000|0|1|0|(70.712119,23.941098)(0.085282,0.001408)|2:0:(60.328914,23.381127)(0.999958,0.009201)(60.671044,0.567764)(-90.000000,-21.060310)|1:0:(99.996549,44.995559)(-0.001665,-0.001955)(0.001786,0.002486)(0.000000,0.000000)|1:1:(53.991276,23.702047)(0.999899,0.014199)(17.635461,0.251842)(90.000000,0.000000)|2:1:(119.998856,23.945630)(-0.000796,0.000658)(0.000348,-0.005282)(-90.000000,-21.060310)
2,0,defenseur|1392|2000|0|1|0|(72.251632,17.872113)(0.531272,0.168982)|2:0:(41.152252,8.021133)(0.953663,0.300877)(31.521771,9.982876)(-90.000000,-27.296869)|1:0:(100.000008,45.000011)(0.000002,0.000003)(-0.000006,-0.000008)(0.000000,0.000000)|1:1:(41.263748,8.053030)(0.953628,0.300989)(31.410239,9.951090)(90.000000,0.000000)|2:1:(120.000002,17.647912)(0.000001,0.506701)(-0.000001,0.561921)(-90.000000,-27.296869)
2,0,attaquant|1423|2000|0|1|0|(79.055904,20.036348)(0.071946,0.022884)|2:0:(70.774772,17.010921)(0.939952,0.341305)(9.149139,3.343848)(-90.000000,0.000000)|1:0:(85.767099,28.805153)(-0.628918,-0.777472)(-7.412058,-9.569161)(90.000000,-24.986536)|1:1:(32.698580,19.529224)(-0.973215,0.229897)(-3.671795,0.714138)(90.000000,-24.986536)|2:1:(98.443083,19.079993)(-0.999176,0.040583)(-20.458301,0.974055)(-90.000000,0.000000)
2,0,defenseur|1473|2000|0|1|0|(143.685321,13.708267)(0.250925,-0.025350)|2:0:(50.573091,44.586175)(0.362268,-0.245673)(-0.210823,0.168152)(-0.000000,0.000000)|1:0:(114.462011,14.338849)(0.999859,-0.016763)(29.972245,-0.621995)(90.000000,-31.266383)|1:1:(29.982005,13.842062)(0.050266,0.040938)(0.068261,-0.067507)(90.000000,-31.266383)|2:1:(118.678020,16.093899)(0.995509,-0.094664)(25.751885,-2.454947)(-90.000000,0.000000)
2,0,attaquant|1502|2000|0|1|0|(146.900687,13.383437)(0.040210,-0.004062)|2:0:(75.681306,36.077486)(0.952416,-0.304800)(72.131588,-22.994788)(-90.000000,0.000000)|1:0:(143.450376,13.534037)(0.999298,-0.037465)(4.409400,-0.184003)(90.000000,-31.612501)|1:1:(29.993482,13.411885)(0.008656,0.015242)(0.015174,-0.009144)(90.000000,-31.612501)|2:1:(147.545202,13.321630)(0.995232,-0.097534)(0.310508,-0.031666)(-90.000000,0.000000)
2,0,defenseur|1534|2000|0|1|0|(88.295657,4.122500)(-0.589613,-0.092814)|2:0:(54.520736,43.474200)(-0.947246,0.320508)(-5.467982,1.846308)(-0.000000,0.000000)|1:0:(127.279197,9.562944)(-0.990448,-0.137885)(-39.384375,-5.485515)(90.000000,-40.784686)|1:1:(30.004779,4.413428)(-0.000671,-0.200641)(-0.005450,-0.398755)(90.000000,-40.784686)|2:1:(123.389250,9.747729)(-0.987510,-0.157555)(-35.491491,-5.689970)(-90.000000,0.000000)
2,0,attaquant|1569|2000|0|1|0|(80.493976,2.894403)(-0.061804,-0.009729)|2:0:(67.868181,20.269243)(0.600817,-0.799386)(13.288416,-18.164497)(-90.000000,0.000000)|1:0:(92.626038,4.648064)(-0.989792,-0.142521)(-13.060050,-1.886452)(90.000000,-42.095868)|1:1:(30.000809,2.945737)(0.000845,0.033466)(0.000036,-0.008140)(90.000000,-42.095868)|2:1:(88.828015,4.223150)(-0.987508,-0.157571)(-9.259743,-1.476589)(-90.000000,0.000000)
2,0,defenseur|1726|2000|0|1|0|(145.516731,12.044256)(0.279559,-0.031933)|2:0:(49.958389,45.061424)(0.047019,-0.097928)(0.088630,-0.159352)(-0.000000,0.000000)|1:0:(117.541728,12.848242)(0.999733,-0.023098)(28.695177,-0.795150)(90.000000,-32.923810)|1:1:(29.844470,11.878015)(-0.092105,-0.115773)(0.063425,0.082402)(90.000000,-32.923810)|2:1:(117.744200,14.724123)(0.995468,-0.095096)(28.488439,-2.743030)(-90.000000,0.000000)
2,0,attaquant|1775|2000|0|1|0|(102.052111,23.112663)(-1.381277,0.336426)|2:0:(93.317663,29.069190)(0.900195,-0.435487)(11.015920,-6.728440)(-90.000000,0.000000)|1:0:(136.773087,14.527289)(-0.971688,0.236266)(-34.311388,8.485214)(90.000000,-22.223763)|1:1:(30.014326,23.731360)(0.002677,0.700131)(-0.011649,-0.254992)(90.000000,-22.223763)|2:1:(136.788920,14.577685)(-0.971653,0.236413)(-34.327185,8.434965)(-90.000000,0.000000)
2,0,attaquant|1849|2000|0|1|0|(131.859341,8.083482)(1.049395,-0.423916)|2:0:(49.828797,45.067912)(0.297555,-0.117815)(0.468758,-0.185727)(-0.000000,0.000000)|1:0:(92.901475,23.097159)(0.930912,-0.365242)(38.839384,-14.955003)(90.000000,-36.492602)|1:1:(29.999977,12.174056)(-0.000016,-1.000000)(0.000008,-4.666658)(90.000000,-36.492602)|2:1:(92.883050,23.099552)(0.930933,-0.365191)(38.857829,-14.957345)(-90.000000,0.000000)
2,0,defenseur|1859|2000|0|1|0|(139.076998,5.167822)(0.516915,-0.208814)|2:0:(50.282726,44.887926)(0.190648,-0.075620)(-0.092078,0.036454)(-0.000000,0.000000)|1:0:(102.221966,19.473849)(0.932327,-0.361616)(37.270444,-14.458829)(90.000000,-39.623364)|1:1:(30.000070,3.933469)(0.000008,-0.170802)(-0.000062,1.272365)(90.000000,-39.623364)|2:1:(102.203839,19.477011)(0.932360,-0.361531)(37.288603,-14.461906)(-90.000000,0.000000)
2,0,attaquant|1927|2000|0|1|0|(110.600084,29.282601)(-0.847948,0.621069)|2:0:(109.960670,23.243493)(0.897209,0.441606)(2.384571,5.859645)(-90.000000,0.000000)|1:0:(139.738834,9.239036)(-0.815869,0.578237)(-29.106670,20.000733)(90.000000,-16.338468)|1:1:(30.000001,16.445881)(-0.000000,1.000000)(-0.000001,13.215651)(90.000000,-16.338468)|2:1:(139.724128,9.248127)(-0.815828,0.578294)(-29.091924,19.991699)(-90.000000,0.000000)
2,0,attaquant|32|2000|0|0|0|(75.000000,45.000000)(0.000000,0.000000)|2:0:(145.706290,46.624466)(-0.012640,-0.029071)(-0.718929,-1.653537)(-90.000000,0.000000)|1:0:(42.607080,32.582714)(0.933746,0.357936)(33.326666,12.775222)(90.000000,0.000000)|1:1:(31.106116,43.377696)(0.224492,-0.329255)(-0.881625,1.293049)(90.000000,0.000000)|2:1:(118.893884,43.377696)(-0.224492,-0.329255)(0.881625,1.293049)(-90.000000,0.000000)
2,0,defenseur|65|2000|0|0|0|(75.000000,45.000000)(0.000000,0.000000)|2:0:(115.682303,44.907830)(-0.999999,0.001217)(-41.682302,0.093388)(-90.000000,0.000000)|1:0:(73.420702,44.394602)(0.933746,0.357936)(2.513044,0.963334)(90.000000,0.000000)|1:1:(30.109630,44.839209)(0.167441,-0.245580)(0.057811,-0.084789)(90.000000,0.000000)|2:1:(119.890370,44.839209)(-0.167441,-0.245580)(-0.057811,-0.084789)(-90.000000,0.000000)
2,0,attaquant|101|2000|0|0|0|(135.105325,62.797032)(0.357752,0.105929)|2:0:(122.191329,60.556459)(0.979456,0.201656)(13.535702,2.336299)(-90.000000,0.000000)|1:0:(107.849646,54.877864)(0.960426,0.278535)(27.858353,8.091773)(90.000000,-17.691103)|1:1:(30.012711,62.387133)(0.007395,0.041426)(-0.005316,0.345395)(90.000000,-17.691103)|2:1:(126.111183,61.826653)(0.985213,0.171336)(9.621603,1.035785)(-90.000000,0.000000)
2,0,defenseur|174|2000|0|0|0|(76.134314,80.870918)(-0.054452,0.015428)|2:0:(60.203139,47.180134)(-0.977925,-0.208956)(-11.181064,-2.389091)(-0.000000,0.000000)|1:0:(74.249803,81.378322)(-0.178868,0.055091)(1.760095,-0.467742)(90.000000,-35.855489)|1:1:(29.999612,80.883161)(0.000590,-0.031444)(0.000978,-0.059115)(90.000000,-35.855489)|2:1:(82.501686,79.272805)(-0.970478,0.241189)(-7.283398,1.823873)(-90.000000,0.000000)
2,0,attaquant|311|2000|0|0|0|(82.824611,5.184032)(-1.438999,0.324233)|2:0:(114.911157,2.726198)(-0.999964,0.008542)(-31.647511,2.142143)(-90.000000,0.000000)|1:0:(114.645152,3.184569)(-1.000000,-0.000267)(-31.381542,1.674963)(90.000000,-40.140201)|1:1:(30.000015,2.936684)(-0.000001,0.787947)(-0.000016,2.711062)(90.000000,-40.140201)|2:1:(115.164135,4.967600)(-0.999253,-0.038648)(-31.899778,-0.146450)(-90.000000,0.000000)
2,0,attaquant|677|2000|0|0|0|(98.878648,37.693038)(-0.519491,-0.123868)|2:0:(49.999999,45.000001)(0.000000,-0.000000)(0.000001,-0.000002)(-0.000000,0.000000)|1:0:(126.988423,44.240471)(-0.974300,-0.225254)(-28.564584,-6.648818)(90.000000,-7.183094)|1:1:(29.999997,37.956352)(0.000006,-0.222062)(0.000009,-0.361508)(90.000000,-7.183094)|2:1:(126.013590,44.080830)(-0.973711,-0.227785)(-27.589162,-6.491710)(-90.000000,0.000000)
2,0,defenseur|698|2000|0|0|0|(93.165594,36.330811)(-0.132506,-0.031595)|2:0:(50.000000,45.000000)(-0.000000,0.000000)(-0.000000,0.000001)(-0.000000,0.000000)|1:0:(106.537458,39.469965)(-0.973618,-0.228184)(-14.212975,-3.335742)(90.000000,-8.637594)|1:1:(30.000000,36.254617)(-0.000002,-0.010247)(-0.000002,0.097542)(90.000000,-8.637594)|2:1:(105.573019,39.265967)(-0.973194,-0.229986)(-13.248112,-3.133547)(-90.000000,0.000000)
2,0,goal|808|2000|0|0|0|(95.663012,26.395957)(-0.425955,0.004977)|2:0:(110.845762,24.791703)(-0.995413,0.095673)(-15.752207,1.694950)(-90.000000,0.000000)|1:0:(121.295114,25.389846)(-0.999030,0.044029)(-26.205177,1.045164)(90.000000,-18.609020)|1:1:(30.000000,26.419981)(-0.000000,0.028203)(0.000000,-0.000798)(90.000000,-18.609020)|2:1:(120.575442,25.732332)(-0.999529,0.030694)(-25.486003,0.689342)(-90.000000,0.000000)
2,0,attaquant|853|2000|0|0|0|(41.443729,16.568549)(-1.290026,-0.260908)|2:0:(142.486991,42.819429)(0.929347,0.369208)(6.442356,2.549778)(-90.000000,-28.170544)|1:0:(90.943684,36.380693)(0.564536,0.825409)(9.620852,9.444715)(0.000000,0.000000)|1:1:(40.979213,21.110122)(0.842856,-0.538139)(2.597398,-4.818805)(90.000000,0.000000)|2:1:(95.754166,23.751159)(0.964333,-0.264692)(25.210167,-7.186394)(-90.000000,-28.170544)
2,0,attaquant|932|2000|0|0|0|(90.425801,4.397807)(0.120279,0.033755)|2:0:(76.044834,37.217290)(-0.958752,0.284245)(-27.003586,8.066955)(-0.000000,0.000000)|1:0:(91.329245,14.915106)(-0.162559,-0.986699)(-1.186282,-11.537752)(90.000000,-40.635948)|1:1:(30.385894,3.469573)(-0.309657,0.052267)(-0.695551,0.946746)(90.000000,-40.635948)|2:1:(88.981963,4.615831)(-0.611046,0.464119)(0.712513,0.212341)(-90.000000,0.000000)
2,0,defenseur|967|2000|0|0|0|(146.566385,11.359327)(0.705628,0.204245)|2:0:(49.134902,45.259533)(0.541309,-0.162275)(1.406407,-0.421808)(-0.000000,0.000000)|1:0:(110.480106,2.983462)(0.976692,0.214644)(36.357343,8.386264)(90.000000,-33.844919)|1:1:(29.762892,12.085624)(0.021581,0.023856)(0.258689,-0.906687)(90.000000,-33.844919)|2:1:(114.622810,3.704489)(0.978954,0.204083)(32.216901,7.654675)(-90.000000,0.000000)
2,0,attaquant|1104|2000|0|0|0|(139.829143,12.512484)(-0.246154,0.054902)|2:0:(134.925858,8.502896)(0.872425,0.488747)(6.021864,4.443434)(-90.000000,0.000000)|1:0:(129.604953,7.516869)(0.932001,0.362457)(11.402344,5.303171)(90.000000,-32.542417)|1:1:(29.999573,12.274453)(0.000006,0.106648)(0.000433,0.289778)(90.000000,-32.542417)|2:1:(131.667602,8.079220)(0.923666,0.383198)(9.331361,4.761560)(-90.000000,0.000000)
2,0,defenseur|1337|2000|0|0|0|(35.170731,19.744384)(-2.266149,-0.520675)|2:0:(69.663739,27.758353)(-0.817914,-0.181617)(-33.044773,-7.674912)(-90.000000,-24.734941)|1:0:(99.999689,44.999587)(-0.000108,-0.000117)(0.000203,0.000295)(0.000000,0.000000)|1:1:(70.187895,27.886516)(-0.930430,-0.210915)(-33.681445,-7.832372)(90.000000,0.000000)|2:1:(119.997144,21.520229)(0.000811,-1.000000)(0.003667,-2.255169)(-90.000000,-24.734941)
2,0,attaquant|1382|2000|0|0|0|(7.259925,13.331538)(-0.100587,-0.023111)|2:0:(104.568777,17.350819)(0.970311,-0.241862)(16.401534,-4.238032)(-90.000000,-31.645351)|1:0:(100.000003,45.000001)(-0.000026,-0.000036)(-0.000028,-0.000037)(0.000000,0.000000)|1:1:(26.345371,17.745913)(-0.974264,-0.225409)(-19.959123,-4.616673)(90.000000,0.000000)|2:1:(119.999985,13.425786)(0.000017,0.047774)(0.000032,-0.023362)(-90.000000,-31.645351)
2,0,defenseur|1678|2000|0|0|0|(77.998969,4.608170)(-0.596854,0.004879)|2:0:(49.747158,45.261190)(-0.023430,0.022812)(0.229413,-0.238378)(-0.000000,0.000000)|1:0:(105.909116,2.922849)(-0.999757,0.022059)(-28.313050,1.702500)(90.000000,-40.396709)|1:1:(30.141477,4.724036)(-0.253306,-0.167348)(-0.394783,-0.288092)(90.000000,-40.396709)|2:1:(117.768755,4.307573)(-0.999974,0.007232)(-40.172906,0.302950)(-90.000000,0.000000)
2,0,attaquant|1769|2000|0|0|0|(132.505316,19.594420)(0.230066,0.054501)|2:0:(124.102343,17.007550)(0.953383,0.301762)(9.126290,2.834132)(-90.000000,0.000000)|1:0:(120.201488,21.775866)(0.964479,-0.264160)(13.038241,-2.500106)(90.000000,-25.460081)|1:1:(37.284099,15.575867)(-0.897547,0.440918)(-8.181646,4.404970)(90.000000,-25.460081)|2:1:(130.042425,19.483939)(0.999861,0.016690)(3.232685,0.072670)(-90.000000,0.000000)
1,2,attaquant|50|2000|0|0|0|(115.852247,47.034908)(1.129151,0.056245)|1:2:(10.051455,43.414361)(-0.846647,0.532155)(-5.898102,4.096457)(90.000000,-1.978663)|1:3:(90.581438,43.356496)(0.993029,0.117874)(25.134686,3.740042)(90.000000,-1.978663)|2:1:(108.156756,46.995469)(-0.000431,0.474703)(6.565909,0.457897)(-90.000000,0.000000)|2:0:(90.013229,37.165746)(-0.979617,0.200875)(-40.992846,8.035128)(-0.000000,0.000000)|2:3:(140.134868,47.857696)(0.387679,-0.279897)(-25.024093,-1.158930)(-90.000000,51.000000)|2:2:(85.496898,49.125962)(0.999777,0.021105)(35.502879,-2.126194)(-90.000000,-1.978663)|1:0:(5.272566,46.689742)(0.330236,-0.262092)(0.057670,0.026830)(90.000000,-1.978663)|1:1:(30.054228,46.223992)(-0.064549,0.094712)(-0.118776,0.849383)(90.000000,-1.978663)
1,2,defenseur|128|2000|0|0|0|(92.170405,60.270492)(2.940963,-0.889991)|1:2:(78.687542,49.301455)(0.887248,0.461293)(11.429149,12.320321)(90.000000,-16.160483)|1:3:(99.788904,44.919102)(0.119275,-0.072550)(0.330371,0.008348)(0.000000,0.000000)|2:1:(119.554317,67.777791)(-0.470657,-0.263993)(-30.795532,-6.881301)(-90.000000,0.000000)|2:0:(49.818730,45.035133)(-0.117007,0.022667)(0.064263,-0.012466)(-0.000000,0.000000)|2:3:(148.241389,44.953400)(-0.157674,0.030439)(-0.399063,0.077038)(-90.000000,-16.160483)|2:2:(85.314084,67.065540)(0.025777,-0.067179)(34.711693,-5.972236)(-90.000000,-16.160483)|1:0:(1.971162,44.954172)(0.033851,0.043272)(0.062689,0.089101)(90.000000,-16.160483)|1:1:(65.639196,68.273091)(-0.023879,-0.169571)(-35.663075,-7.282179)(90.000000,-16.160483)
1,2,defenseur|198|2000|1|0|0|(75.000000,45.000000)(0.000000,0.000000)|1:2:(33.223301,41.705070)(-0.699294,0.714834)(-3.922595,4.009764)(90.000000,0.000000)|1:3:(72.209830,47.728167)(0.715007,-0.699118)(3.505177,-3.427284)(90.000000,0.000000)|2:1:(119.492997,44.256395)(-0.541432,-0.794100)(-0.034429,-0.050496)(-90.000000,0.000000)|2:0:(109.260412,31.866842)(-0.933746,0.357936)(-35.194159,13.491094)(-90.000000,0.000000)|2:3:(122.513317,55.414885)(0.907399,-0.420269)(23.394082,-10.835154)(-90.000000,0.000000)|2:2:(78.223301,41.705070)(-0.699294,0.714834)(-3.922595,4.009764)(-1.316374,-0.719138)|1:0:(4.355632,46.482045)(-0.171452,0.394340)(0.472915,-1.087705)(90.000000,0.000000)|1:1:(30.507003,44.256395)(0.541432,-0.794100)(0.034429,-0.050496)(90.000000,0.000000)
1,2,attaquant|206|2000|1|0|0|(93.131980,48.529259)(2.927265,0.569771)|1:2:(28.743042,48.082688)(-0.164643,0.961716)(1.092315,0.838516)(90.000000,-2.959488)|1:3:(78.712190,43.390497)(0.978350,-0.206956)(12.470875,4.362035)(90.000000,-2.959488)|2:1:(117.135975,43.614225)(-0.661701,0.109723)(-27.592962,4.454986)(-90.000000,0.000000)|2:0:(101.711272,34.500261)(-0.961949,0.273229)(-52.673221,10.772968)(-0.000000,0.000000)|2:3:(129.821864,52.165627)(0.930651,-0.365908)(16.108787,-4.572047)(-90.000000,-2.959488)|2:2:(75.070631,46.834045)(0.228620,0.491606)(45.157988,1.617049)(-90.000000,-2.959488)|1:0:(5.673949,45.750725)(0.204329,0.238494)(-0.469620,2.447257)(90.000000,-2.959488)|1:1:(30.472557,45.144396)(-0.216883,0.687806)(-0.689439,3.502897)(90.000000,-2.959488)
1,2,attaquant|259|2000|1|0|0|(81.336522,58.659192)(-1.660068,0.130513)|1:2:(78.183098,55.664991)(0.973721,0.227744)(5.787214,3.091432)(90.000000,-13.528679)|1:3:(114.223504,57.491092)(-0.975487,0.220055)(-32.202401,1.257642)(90.000000,-13.528679)|2:1:(116.338751,56.419388)(-0.997114,0.075919)(-34.339274,2.185209)(-90.000000,0.000000)|2:0:(49.777234,45.043379)(-0.981645,0.190718)(-0.758879,0.147339)(-0.000000,0.000000)|2:3:(130.609879,55.214887)(0.891177,-0.453655)(18.281298,-10.668542)(-90.000000,-13.528679)|2:2:(121.329332,59.936201)(-0.221809,0.426527)(-1.551141,-0.980996)(-90.000000,-13.528679)|1:0:(2.029479,45.098407)(-0.194183,-0.009891)(-0.223662,-0.108297)(90.000000,-13.528679)|1:1:(29.856333,58.864522)(-0.175716,0.308005)(-0.032050,-0.027839)(90.000000,-13.528679)
1,2,defenseur|269|2000|1|0|0|(70.173065,59.536854)(-0.785665,0.061768)|1:2:(84.169099,58.962626)(0.761739,-0.143543)(16.592640,-14.106169)(0.000000,0.000000)|1:3:(104.672234,56.482610)(-0.819845,-0.572585)(-5.492079,-12.055195)(0.000000,0.000000)|2:1:(110.225213,57.660882)(0.208195,0.227019)(9.982982,2.041222)(-90.000000,-14.475086)|2:0:(51.837007,46.406429)(0.831235,0.400474)(19.952958,13.469130)(-90.000000,-14.475086)|2:3:(139.325183,50.314220)(0.860995,-0.508614)(9.535812,-5.822833)(-90.000000,-14.475086)|2:2:(115.653990,57.631612)(-0.967470,-0.252986)(-45.662731,1.590488)(-1.316374,0.719138)|1:0:(2.121626,45.021353)(0.108033,0.072912)(-0.013593,0.051559)(90.000000,-14.475086)|1:1:(32.446889,59.884632)(0.775972,0.119177)(39.287812,-0.290369)(90.000000,0.000000)
1,2,defenseur|298|2000|1|0|0|(60.492517,60.297931)(-0.116913,0.009192)|1:2:(63.777731,59.851539)(-0.990995,0.133902)(-4.159295,0.571103)(90.000000,0.000000)|1:3:(99.752170,45.004512)(0.273020,-0.446454)(0.520850,-0.450967)(0.000000,0.000000)|2:1:(120.555030,60.119689)(-0.050761,-0.013705)(-0.605791,0.155345)(-90.000000,-15.288739)|2:0:(53.317433,48.389517)(-0.738026,-0.674772)(-4.055459,-4.064289)(-0.000000,0.000000)|2:3:(148.708352,44.512050)(0.230093,-0.162401)(-0.478259,0.325549)(-90.000000,-15.288739)|2:2:(86.741401,58.199570)(-0.996976,0.077705)(-27.128947,2.166874)(-1.316374,0.719138)|1:0:(2.023755,45.001725)(0.026680,0.014947)(0.002925,0.013222)(90.000000,-15.288739)|1:1:(61.333414,60.275202)(0.999177,0.040571)(0.275193,0.054109)(90.000000,0.000000)
1,2,attaquant|300|2000|1|0|0|(60.279700,60.314663)(-0.103055,0.008102)|1:2:(61.795737,60.119305)(-0.991018,0.133729)(-2.403999,0.320985)(90.000000,0.000000)|1:3:(100.510465,44.413509)(0.312610,-0.185554)(-0.197854,0.400937)(0.000000,0.000000)|2:1:(119.922886,60.291892)(-0.396037,0.123386)(-0.318924,0.138054)(-90.000000,-15.306560)|2:0:(51.862240,47.017546)(-0.724010,-0.689790)(-2.586250,-2.707336)(-0.000000,0.000000)|2:3:(148.624529,44.563890)(-0.126203,0.084544)(-0.750732,0.520654)(-90.000000,-15.306560)|2:2:(84.747528,58.356006)(-0.996924,0.078370)(-25.361697,2.028925)(-1.316374,0.719138)|1:0:(2.000231,45.010555)(-0.023780,-0.002897)(-0.024012,-0.013452)(90.000000,-15.306560)|1:1:(62.462149,60.353566)(0.429403,0.036446)(-1.649991,-0.010559)(90.000000,0.000000)
1,2,defenseur|374|2000|1|0|0|(72.080996,41.082467)(-1.117795,-0.177391)|1:2:(102.204035,44.330021)(-0.987996,-0.154478)(-3.192031,0.515501)(0.000000,0.000000)|1:3:(111.461148,45.146128)(-0.993713,-0.111957)(-12.454861,-0.258085)(0.000000,0.000000)|2:1:(109.971041,46.196984)(-0.471292,-0.308630)(9.557667,-5.245756)(-90.000000,-3.740142)|2:0:(50.693138,44.992906)(0.401012,-0.042787)(22.906666,-3.775834)(-90.000000,-3.740142)|2:3:(136.061545,45.868533)(0.930183,-0.367097)(9.868638,-4.975771)(-90.000000,-3.740142)|2:2:(118.983013,43.983933)(0.154435,-0.640207)(-45.629786,-3.364282)(-1.316374,-0.719138)|1:0:(4.490403,41.252450)(0.025323,-0.379141)(0.534919,-0.371733)(90.000000,-3.740142)|1:1:(30.208894,41.311971)(0.531987,0.049095)(43.521884,-0.003018)(90.000000,0.000000)
1,2,attaquant|515|2000|1|1|0|(128.832275,34.461571)(0.180969,-0.035427)|1:2:(29.890289,34.551691)(0.102665,-0.133277)(0.212377,-0.187971)(90.000000,-10.503002)|1:3:(116.894236,36.406124)(0.987754,-0.156021)(12.744824,-2.065147)(90.000000,-10.503002)|2:1:(130.082537,34.417866)(0.195406,-0.104369)(-1.235824,-0.025237)(-90.000000,0.000000)|2:0:(63.520014,42.372052)(-0.981606,0.190918)(-14.501620,2.818866)(-0.000000,0.000000)|2:3:(127.218474,32.559998)(0.519083,0.006723)(1.951914,1.943722)(-90.000000,55.000000)|2:2:(110.966196,38.721332)(0.915824,-0.401580)(9.949628,-4.625915)(-90.000000,-10.503002)|1:0:(1.729386,44.739755)(-0.398018,-0.135664)(-0.127405,0.124581)(90.000000,-10.503002)|1:1:(29.856511,34.342265)(-0.088343,-0.188549)(0.055146,-0.033817)(90.000000,-10.503002)
1,2,defenseur|629|2000|1|1|0|(107.808983,9.800947)(-4.085866,-0.900463)|1:2:(122.335293,14.689666)(0.378485,-0.613444)(-10.061959,-4.601701)(90.000000,-34.298590)|1:3:(120.260673,16.995287)(0.415977,-0.806611)(-7.949847,-7.100488)(90.000000,-34.298590)|2:1:(127.623288,13.607691)(-0.492936,-0.165296)(-16.221376,-3.071577)(-90.000000,0.000000)|2:0:(49.999173,45.000161)(-0.006528,0.001265)(-0.005701,0.001105)(-0.000000,0.000000)|2:3:(148.014260,45.004549)(0.004136,0.000989)(-0.010124,-0.003560)(-90.000000,-34.298590)|2:2:(110.956106,15.302229)(0.972112,-0.234519)(10.016006,-4.835338)(-90.000000,-34.298590)|1:0:(1.999602,44.999729)(-0.001217,0.000191)(-0.000820,0.000463)(90.000000,-34.298590)|1:1:(30.402972,12.918108)(0.495781,-0.320862)(0.092809,-2.537560)(90.000000,-34.298590)
1,2,attaquant|692|2000|1|1|0|(102.296125,13.543080)(1.861868,0.620186)|1:2:(64.501333,3.171556)(-0.985155,0.171665)(-35.486488,9.923003)(90.000000,-32.077106)|1:3:(99.769479,45.363753)(-0.016329,-0.143809)(0.648448,-32.584668)(90.000000,-32.077106)|2:1:(113.848166,4.437373)(-0.898687,0.438590)(-14.312597,8.924111)(-90.000000,0.000000)|2:0:(50.000221,44.999957)(0.000023,-0.000004)(-0.000198,0.000038)(-0.000000,0.000000)|2:3:(148.000255,45.000094)(0.000558,0.000181)(0.000303,0.000087)(-90.000000,-32.077106)|2:2:(89.966660,2.213534)(0.789285,0.354239)(30.822626,11.063599)(-90.000000,-32.077106)|1:0:(2.000034,44.999985)(-0.000006,-0.000013)(-0.000040,0.000002)(90.000000,-32.077106)|1:1:(58.878567,2.064362)(-0.948105,0.317957)(-29.826672,11.176489)(90.000000,-32.077106)
1,2,attaquant|731|2000|1|1|0|(95.070043,29.673881)(-2.938956,0.896596)|1:2:(92.541060,14.413211)(0.813834,0.581098)(6.281772,14.945172)(90.000000,-16.222715)|1:3:(119.983394,22.124205)(-0.140313,0.224217)(-20.123707,23.100012)(0.000000,0.000000)|2:1:(122.700887,21.642722)(-0.797533,0.269205)(-25.489421,7.403768)(-90.000000,0.000000)|2:0:(49.999999,45.000000)(0.000028,-0.000005)(0.000029,-0.000006)(-0.000000,0.000000)|2:3:(147.999932,44.999978)(-0.000029,-0.000008)(0.000039,0.000014)(-90.000000,-16.222715)|2:2:(121.193899,23.947989)(0.267851,0.963460)(-0.926048,5.792756)(-90.000000,-16.222715)|1:0:(2.000001,45.000001)(0.000005,-0.000001)(0.000004,-0.000002)(90.000000,-16.222715)|1:1:(28.577640,24.631504)(-0.182589,0.983189)(1.239770,5.128970)(90.000000,-16.222715)
1,2,defenseur|738|2000|1|1|0|(80.490822,34.121607)(-1.592722,0.485896)|1:2:(94.914314,20.665652)(-0.078736,0.996895)(-12.909506,13.966955)(90.000000,-11.364289)|1:3:(115.355423,24.866872)(-0.922057,0.387055)(-34.193935,9.155893)(90.000000,-11.364289)|2:1:(116.060416,23.718067)(-0.957228,0.289334)(-34.934100,10.206978)(-90.000000,0.000000)|2:0:(50.000020,44.999996)(0.000017,-0.000003)(-0.000004,0.000001)(-0.000000,0.000000)|2:3:(147.999989,44.999997)(0.000037,0.000013)(0.000048,0.000015)(-90.000000,-11.364289)|2:2:(121.156496,30.901070)(-0.159073,0.987267)(-1.315568,3.721908)(-90.000000,-11.364289)|1:0:(2.000004,44.999999)(0.000002,-0.000002)(-0.000001,-0.000001)(90.000000,-11.364289)|1:1:(29.089261,31.574907)(0.206567,0.978432)(1.117306,3.039236)(90.000000,-11.364289)
1,2,attaquant|965|2000|1|2|0|(31.957983,80.690716)(-1.511924,-0.279546)|1:2:(39.771062,84.858114)(0.313918,-0.814770)(-5.987237,-4.702621)(90.000000,0.000000)|1:3:(99.973451,44.992342)(0.031777,-0.026401)(0.058325,-0.018743)(0.000000,0.000000)|2:1:(92.010357,86.214646)(0.986463,-0.163985)(28.976106,-5.408369)(-90.000000,-35.970262)|2:0:(48.637344,50.459712)(-0.307202,0.951644)(-15.474639,31.462194)(-90.000000,-35.970262)|2:3:(148.035523,44.988188)(-0.034739,0.008084)(-0.070262,0.019896)(-90.000000,-35.970262)|2:2:(108.469147,88.221609)(-0.996149,-0.087680)(-75.995388,-7.339026)(-1.316374,0.719138)|1:0:(2.020576,45.006695)(0.012305,0.005608)(-0.008271,-0.001087)(90.000000,-35.970262)|1:1:(39.770796,84.858136)(0.313941,-0.814771)(-5.986947,-4.702645)(90.000000,0.000000)
1,2,defenseur|1231|2000|2|2|0|(85.773168,13.532193)(-0.881153,-0.222433)|1:2:(118.268809,19.871815)(-0.962635,-0.270804)(-32.577123,-6.387993)(90.000000,-31.245374)|1:3:(118.693400,24.987424)(-0.848475,0.529235)(-19.541875,20.541811)(0.000000,0.000000)|2:1:(119.659144,23.022227)(-0.963086,-0.269193)(-33.967910,-9.536794)(-90.000000,0.000000)|2:0:(50.271219,44.947372)(0.436940,-0.084737)(0.165721,-0.032109)(-0.000000,0.000000)|2:3:(148.090049,44.796427)(0.012669,0.098675)(-0.077380,0.302248)(-90.000000,-31.245374)|2:2:(120.391357,13.959928)(0.066188,-0.152352)(-0.325169,-0.357653)(-90.000000,-31.245374)|1:0:(2.043065,44.981927)(0.009177,-0.028507)(-0.033889,-0.010433)(90.000000,-31.245374)|1:1:(29.999126,13.966311)(0.012750,0.384365)(0.013624,0.172680)(90.000000,-31.245374)
1,2,attaquant|1296|2000|2|2|0|(128.010187,8.117988)(0.976007,-0.043037)|1:2:(54.838939,8.687720)(-0.999678,-0.025375)(-25.838617,-0.552071)(90.000000,-36.838976)|1:3:(104.380888,33.117381)(0.544408,-0.838821)(23.197699,-25.795177)(90.000000,-36.838976)|2:1:(110.793870,7.352281)(0.999679,-0.025340)(17.239989,0.783403)(-90.000000,0.000000)|2:0:(49.984817,45.002942)(-0.005053,0.000978)(0.010130,-0.001964)(-0.000000,0.000000)|2:3:(148.002198,44.997481)(-0.001266,0.006985)(-0.003464,0.009504)(-90.000000,-36.838976)|2:2:(119.576234,8.502955)(0.974452,-0.224595)(1.398218,-0.566526)(-90.000000,-36.838976)|1:0:(2.000583,44.999098)(-0.000959,-0.000449)(-0.001542,0.000454)(90.000000,-36.838976)|1:1:(30.192416,8.488698)(-0.973761,-0.227574)(-1.166177,-0.555249)(90.000000,-36.838976)
1,2,defenseur|1353|2000|2|2|0|(84.534344,10.775363)(-0.844620,0.048423)|1:2:(94.070542,11.625638)(-0.664993,0.226635)(-9.356570,-0.672063)(90.000000,-34.273060)|1:3:(120.403687,12.087568)(-0.664744,0.747072)(-21.068431,33.659504)(0.000000,0.000000)|2:1:(121.327809,8.637030)(-0.998307,0.058157)(-36.947152,2.148067)(-90.000000,0.000000)|2:0:(49.999787,45.000041)(-0.000789,0.000153)(-0.000576,0.000112)(-0.000000,0.000000)|2:3:(148.000137,44.999548)(0.000157,-0.000299)(0.000020,0.000153)(-90.000000,-34.273060)|2:2:(119.957633,10.626455)(-0.080091,-0.110924)(-0.037725,-0.010439)(-90.000000,-34.273060)|1:0:(2.000070,44.999995)(0.000055,-0.000044)(-0.000015,-0.000039)(90.000000,-34.273060)|1:1:(29.869703,10.683577)(-0.084659,0.035431)(0.045638,0.078794)(90.000000,-34.273060)
1,2,attaquant|1370|2000|2|2|0|(76.346189,11.244799)(-0.268629,0.015401)|1:2:(77.379609,12.471828)(-0.999878,-0.015602)(-48.379488,-1.258032)(90.000000,-33.770602)|1:3:(110.983697,26.216969)(-0.513520,0.858078)(-11.497217,19.641109)(0.000000,0.000000)|2:1:(104.356408,9.622706)(-0.998324,0.057868)(-28.739915,1.664560)(-90.000000,0.000000)|2:0:(50.000082,44.999984)(-0.000239,0.000046)(-0.000321,0.000062)(-0.000000,0.000000)|2:3:(148.000028,44.999859)(0.000072,-0.000185)(0.000044,-0.000044)(-90.000000,-33.770602)|2:2:(119.998728,11.212490)(-0.029534,-0.059404)(-0.028262,-0.042496)(-90.000000,-33.770602)|1:0:(2.000020,45.000008)(0.000031,-0.000011)(0.000011,-0.000019)(90.000000,-33.770602)|1:1:(29.959044,11.205412)(-0.052992,-0.010603)(-0.012036,0.013383)(90.000000,-33.770602)
1,2,defenseur|1442|2000|2|2|0|(88.868361,6.824424)(-1.781775,0.225694)|1:2:(122.305060,3.066567)(-0.985537,0.169462)(-32.640460,3.701625)(90.000000,-38.401270)|1:3:(123.815737,2.093600)(-0.762299,0.576009)(-24.578035,43.482409)(0.000000,0.000000)|2:1:(123.888189,2.967115)(-0.993734,0.111767)(-34.231787,3.743382)(-90.000000,0.000000)|2:0:(49.999993,45.000001)(-0.000002,0.000000)(0.000005,-0.000001)(-0.000000,0.000000)|2:3:(148.000001,44.999999)(-0.000001,0.000003)(-0.000002,0.000004)(-90.000000,-38.401270)|2:2:(120.000206,6.675516)(0.002003,-0.288157)(0.001798,-0.364943)(-90.000000,-38.401270)|1:0:(2.000000,45.000000)(-0.000000,-0.000000)(-0.000001,0.000000)(90.000000,-38.401270)|1:1:(30.000391,6.675634)(0.003813,-0.288126)(0.003423,-0.365031)(90.000000,-38.401270)
1,2,attaquant|1482|2000|2|2|0|(66.584096,9.647130)(-0.115840,0.014673)|1:2:(82.564109,7.488330)(-0.991047,0.133510)(-16.855221,2.277637)(90.000000,0.000000)|1:3:(104.088855,36.682256)(-0.441811,0.897108)(-4.530666,9.214852)(0.000000,0.000000)|2:1:(119.388762,9.682719)(-0.736989,0.227748)(-0.125751,0.177487)(-90.000000,-35.367543)|2:0:(49.999999,45.000000)(-0.000001,0.000000)(-0.000000,0.000000)(-0.000000,0.000000)|2:3:(148.000000,45.000000)(0.000000,-0.000000)(-0.000000,0.000000)(-90.000000,-35.367543)|2:2:(95.448897,10.390069)(-0.999674,-0.025529)(-29.748635,-0.783141)(-1.316374,-0.719138)|1:0:(2.000000,45.000000)(0.000000,-0.000000)(-0.000000,-0.000000)(90.000000,-35.367543)|1:1:(54.526865,10.178397)(0.999111,-0.042163)(13.172182,-0.588103)(90.000000,0.000000)
1,2,attaquant|1761|2000|2|2|0|(113.188126,5.408290)(-5.277669,-0.156888)|1:2:(114.435355,10.950504)(0.801387,-0.598146)(4.831827,-5.983473)(90.000000,-39.434823)|1:3:(112.725675,16.957758)(0.631266,-0.775566)(6.371386,-12.168146)(90.000000,-39.434823)|2:1:(126.114484,6.112822)(0.430829,0.064824)(-7.217861,-0.482821)(-90.000000,0.000000)|2:0:(50.000000,45.000000)(-0.000000,0.000000)(-0.000000,0.000000)(-0.000000,0.000000)|2:3:(148.000000,45.000000)(0.000000,-0.000000)(0.000000,-0.000000)(-90.000000,-39.434823)|2:2:(118.658375,5.315956)(0.997248,0.074141)(2.338873,0.323362)(-90.000000,-39.434823)|1:0:(2.000000,45.000000)(0.000000,-0.000000)(0.000000,-0.000000)(90.000000,-39.434823)|1:1:(29.455745,5.519814)(-0.979773,0.200112)(-0.435518,0.245476)(90.000000,-39.434823)
1,2,defenseur|1773|2000|2|2|0|(78.870736,4.388148)(-1.664455,-0.049479)|1:2:(110.389571,3.813239)(-0.954298,-0.298857)(-30.808677,0.325531)(90.000000,-40.562373)|1:3:(111.886706,13.474199)(-0.411113,0.630572)(-12.297819,32.156372)(0.000000,0.000000)|2:1:(118.583249,6.038421)(-0.999386,-0.035042)(-39.047444,-1.635836)(-90.000000,0.000000)|2:0:(50.000000,45.000000)(-0.000000,0.000000)(-0.000000,0.000000)(-0.000000,0.000000)|2:3:(148.000000,45.000000)(0.000000,-0.000000)(-0.000000,0.000000)(-90.000000,-40.562373)|2:2:(118.873637,4.374076)(-0.499419,-0.010136)(0.626945,0.053415)(-90.000000,-40.562373)|1:0:(2.000000,45.000000)(0.000000,-0.000000)(0.000000,-0.000000)(90.000000,-40.562373)|1:1:(31.260425,3.789731)(0.016104,-0.075307)(-1.244321,0.572589)(90.000000,-40.562373)
1,2,attaquant|1807|2000|2|2|0|(58.639524,3.786741)(-0.160940,-0.004784)|1:2:(76.477947,3.375971)(-0.999658,0.026165)(-18.677141,0.441719)(90.000000,0.000000)|1:3:(99.955981,45.110650)(-0.311730,0.950171)(-0.267711,0.839521)(0.000000,0.000000)|2:1:(120.791760,4.188774)(0.108465,0.115879)(-0.683295,-0.281370)(-90.000000,-41.208474)|2:0:(50.000000,45.000000)(0.000000,0.000000)(-0.000000,0.000000)(-0.000000,0.000000)|2:3:(148.000000,45.000000)(0.000000,-0.000000)(0.000000,0.000000)(-90.000000,-41.208474)|2:2:(91.003032,4.072856)(-0.999967,-0.008093)(-33.202536,-0.289423)(-1.316374,-0.719138)|1:0:(2.000000,45.000000)(0.000000,0.000000)(0.000000,0.000000)(90.000000,-41.208474)|1:1:(56.570910,4.144212)(0.994957,-0.100306)(3.224510,-0.452993)(90.000000,0.000000)
1,2,attaquant|1894|2000|2|2|0|(48.787682,8.704493)(-0.341918,0.071562)|1:2:(101.076653,25.602726)(-0.073156,0.997321)(-1.149809,20.394595)(0.000000,0.000000)|1:3:(99.651725,46.665469)(-0.091860,0.420109)(0.256415,-1.245360)(0.000000,0.000000)|2:1:(119.974484,8.079671)(0.867626,0.497217)(0.893143,1.050477)(-90.000000,-36.367069)|2:0:(49.988162,43.878098)(-0.007857,-0.541923)(-0.866418,-35.787090)(-90.000000,-36.367069)|2:3:(148.000000,45.000000)(-0.000000,0.000000)(-0.000000,0.000000)(-90.000000,-36.367069)|2:2:(101.783341,3.205698)(-0.995420,0.095599)(-53.649160,5.522833)(-1.316374,-0.719138)|1:0:(2.000000,45.000000)(0.000000,-0.000000)(0.000000,-0.000000)(90.000000,-36.367069)|1:1:(50.618827,7.710271)(0.477460,0.865656)(-1.011766,1.788316)(90.000000,0.000000)
1,2,defenseur|1901|2000|2|2|0|(46.927869,9.093744)(-0.216987,0.045414)|1:2:(100.634240,32.588674)(-0.057844,0.998326)(-0.692084,13.409652)(0.000000,0.000000)|1:3:(100.133347,44.376380)(0.127581,-0.572707)(-0.005766,0.050912)(0.000000,0.000000)|2:1:(120.838460,10.127559)(-0.366583,-0.124737)(-1.205042,-1.203967)(-90.000000,-35.951671)|2:0:(49.733547,37.439923)(-0.057673,-0.998336)(-2.646364,-29.389929)(-90.000000,-35.951671)|2:3:(148.000000,45.000000)(-0.000000,-0.000000)(-0.000000,-0.000000)(-90.000000,-35.951671)|2:2:(94.818677,3.908013)(-0.994654,0.103268)(-48.668474,5.243584)(-1.316374,-0.719138)|1:0:(2.000000,45.000000)(0.000000,-0.000000)(0.000000,0.000000)(90.000000,-35.951671)|1:1:(48.664436,11.266838)(-0.669203,0.057498)(-2.188782,-2.161010)(90.000000,0.000000)
1,2,defenseur|45|2000|0|0|0|(108.608622,34.979274)(1.623824,-0.484158)|1:2:(13.906665,39.909774)(-0.924976,0.380025)(-12.831641,5.470251)(90.000000,-9.536567)|1:3:(84.992753,40.394995)(0.960159,-0.279453)(22.952205,-5.211015)(90.000000,-9.536567)|2:1:(110.640075,41.919559)(-0.898580,-0.438810)(-4.553857,-6.894936)(-90.000000,0.000000)|2:0:(94.906519,36.138430)(-0.976663,0.214778)(-45.883182,9.076347)(-0.000000,0.000000)|2:3:(136.058771,48.992104)(0.928032,-0.372501)(12.869261,-4.364605)(-90.000000,-9.536567)|2:2:(80.476587,47.636558)(0.998934,-0.046156)(40.522347,-12.219281)(-90.000000,-9.536567)|1:0:(2.785033,41.988798)(-0.530565,0.380516)(-1.315598,3.391717)(90.000000,-9.536567)|1:1:(29.125197,36.593345)(0.099984,-0.994989)(0.974787,-2.124901)(90.000000,-9.536567)
1,2,attaquant|117|2000|0|0|0|(75.825728,36.736764)(-0.231657,0.033463)|1:2:(30.208226,36.753013)(0.203336,-0.014267)(-0.004890,-0.063979)(90.000000,-8.296699)|1:3:(89.478235,34.339232)(-0.984395,0.175975)(-14.405244,2.540043)(90.000000,-8.296699)|2:1:(94.225033,33.943951)(-0.988567,0.150780)(-19.156214,2.910130)(-90.000000,0.000000)|2:0:(49.883530,45.022558)(0.213813,-0.041465)(0.330283,-0.064023)(-0.000000,0.000000)|2:3:(147.691453,44.838770)(-0.515909,-0.259993)(-0.207362,-0.098763)(-90.000000,-8.296699)|2:2:(120.221197,36.656840)(0.121095,0.349744)(-0.100102,0.396205)(-90.000000,-8.296699)|1:0:(1.959098,45.020034)(0.002411,0.014937)(0.043313,-0.005097)(90.000000,-8.296699)|1:1:(30.071764,36.843195)(0.091948,0.138098)(0.020184,-0.001796)(90.000000,-8.296699)
1,2,defenseur|177|2000|0|0|0|(17.530359,40.557208)(-0.907112,0.055262)|1:2:(86.276492,43.180003)(0.991322,0.131458)(14.714829,1.951455)(0.000000,0.000000)|1:3:(99.766186,45.134033)(-0.201586,0.154093)(0.032228,0.020060)(0.000000,0.000000)|2:1:(120.252599,40.344474)(0.366803,0.424343)(0.114204,0.581815)(-90.000000,-4.498054)|2:0:(54.054028,38.613738)(-0.998398,0.056575)(-36.614955,1.944783)(-90.000000,-4.498054)|2:3:(145.496993,41.111312)(-0.549767,-0.835318)(-1.046760,-1.444683)(-90.000000,-4.498054)|2:2:(68.128319,37.446118)(-0.998108,0.061478)(-50.688956,3.117306)(-1.316374,-0.719138)|1:0:(12.347960,42.874343)(0.965580,-0.260105)(7.055092,-2.632503)(90.000000,48.000000)|1:1:(50.552177,38.996361)(-0.998467,0.055341)(-33.113173,1.560926)(90.000000,0.000000)
1,2,defenseur|430|2000|0|0|0|(96.375059,85.800795)(1.953976,-0.182101)|1:2:(58.507966,89.091276)(-0.560329,-0.108370)(-29.068295,-3.216750)(90.000000,-40.982896)|1:3:(99.780747,44.169046)(-0.023606,-0.094695)(0.195647,0.736259)(0.000000,0.000000)|2:1:(116.994151,85.970526)(-0.905318,-0.266589)(-23.478385,-0.254219)(-90.000000,0.000000)|2:0:(50.000049,45.000234)(0.000197,0.000761)(0.000148,0.000527)(-0.000000,0.000000)|2:3:(148.000016,44.999994)(0.000010,-0.000006)(-0.000006,0.000001)(-90.000000,-40.982896)|2:2:(91.440948,89.050958)(0.560590,-0.116540)(29.119642,-3.184602)(-90.000000,-40.982896)|1:0:(2.000012,45.000004)(-0.000010,0.000012)(-0.000022,0.000007)(90.000000,-40.982896)|1:1:(58.487059,89.066675)(-0.560418,-0.109167)(-29.047477,-3.192946)(90.000000,-40.982896)
1,2,defenseur|452|2000|0|0|0|(116.458606,83.929106)(0.396891,-0.036988)|1:2:(37.276193,85.646813)(-0.980575,-0.196147)(-8.256768,-1.876865)(90.000000,-38.966094)|1:3:(104.369858,62.674972)(0.393658,0.919257)(12.085515,22.210380)(90.000000,-38.966094)|2:1:(113.388106,83.835450)(0.999981,-0.006131)(3.673590,0.124513)(-90.000000,0.000000)|2:0:(49.999944,44.999793)(-0.000007,-0.000011)(0.000049,0.000196)(-0.000000,0.000000)|2:3:(148.000000,45.000001)(0.000005,-0.000002)(0.000005,-0.000002)(-90.000000,-38.966094)|2:2:(112.679161,85.619465)(0.981386,-0.192048)(8.302225,-1.845419)(-90.000000,-38.966094)|1:0:(2.000006,44.999997)(0.000006,0.000000)(-0.000000,0.000003)(90.000000,-38.966094)|1:1:(37.252743,85.634441)(-0.980759,-0.195224)(-8.233502,-1.863571)(90.000000,-38.966094)
1,2,attaquant|455|2000|0|0|0|(117.503656,83.831712)(0.325735,-0.030357)|1:2:(34.342656,85.019087)(-0.976289,-0.216471)(-5.318945,-1.373488)(90.000000,-38.862069)|1:3:(105.660956,65.382499)(0.448192,0.893937)(11.965156,19.373508)(90.000000,-38.862069)|2:1:(116.388076,83.846843)(0.999982,0.006080)(1.789826,0.021307)(-90.000000,0.000000)|2:0:(50.000046,45.000169)(0.000002,-0.000009)(-0.000044,-0.000177)(-0.000000,0.000000)|2:3:(148.000000,45.000000)(-0.000004,0.000002)(-0.000004,0.000002)(-90.000000,-38.862069)|2:2:(115.615463,85.004792)(0.977272,-0.211991)(5.361809,-1.354713)(-90.000000,-38.862069)|1:0:(1.999995,45.000002)(-0.000005,-0.000000)(0.000001,-0.000003)(90.000000,-38.862069)|1:1:(34.318633,85.009396)(-0.976482,-0.215600)(-5.295115,-1.362927)(90.000000,-38.862069)
1,2,defenseur|611|2000|0|0|0|(55.102327,50.269974)(-0.272133,-0.076324)|1:2:(99.967431,43.168303)(0.071108,0.098710)(0.103677,1.930406)(0.000000,0.000000)|1:3:(100.294521,43.163604)(0.119065,-0.188829)(-0.175456,1.647567)(0.000000,0.000000)|2:1:(121.172060,49.519790)(0.462561,-0.551166)(-0.709499,0.275341)(-90.000000,-5.346298)|2:0:(56.551020,51.922995)(-0.863515,-0.504323)(-2.040076,-2.081020)(-90.000000,-5.346298)|2:3:(148.000000,45.000000)(0.000000,-0.000000)(-0.000000,0.000000)(-90.000000,-5.346298)|2:2:(92.147345,57.089107)(-0.981324,-0.192363)(-37.754210,-6.935173)(-1.316374,0.719138)|1:0:(2.000000,45.000000)(-0.000000,0.000000)(-0.000000,0.000000)(90.000000,-5.346298)|1:1:(53.093284,51.409646)(0.971577,-0.236722)(3.252753,-1.300070)(90.000000,0.000000)
1,2,attaquant|739|2000|0|0|0|(91.804081,68.984547)(1.286889,-0.275966)|1:2:(45.753974,75.484629)(-0.757155,-0.543811)(-16.511129,-6.767927)(90.000000,-24.260512)|1:3:(100.000935,44.999301)(0.000720,-0.000296)(-0.000215,0.000403)(0.000000,0.000000)|2:1:(113.736851,71.776986)(-0.940607,-0.339498)(-24.160265,-2.855972)(-90.000000,0.000000)|2:0:(48.286106,56.577103)(0.149022,-0.988834)(1.862917,-12.565936)(-0.000000,0.000000)|2:3:(147.990404,45.005994)(-0.014273,0.022731)(-0.004677,0.016737)(-90.000000,-24.260512)|2:2:(55.257363,78.366249)(0.990658,-0.136373)(65.733295,-9.242110)(-90.000000,-24.260512)|1:0:(2.032694,44.991189)(0.050270,-0.013547)(0.017576,-0.004736)(90.000000,-24.260512)|1:1:(43.727495,74.453093)(-0.790309,-0.512228)(-14.517804,-5.704809)(90.000000,-24.260512)
1,2,defenseur|797|2000|0|0|0|(49.025286,58.128705)(-0.634099,-0.081541)|1:2:(90.339587,54.876100)(0.710106,-0.704094)(10.370519,-10.580194)(0.000000,0.000000)|1:3:(100.619600,46.940141)(-0.292781,-0.956180)(-0.912380,-2.896320)(0.000000,0.000000)|2:1:(114.067035,59.628220)(0.973250,-0.229751)(6.906215,-1.647725)(-90.000000,-13.210246)|2:0:(53.160104,55.390108)(-0.122936,0.992415)(-3.623656,3.812552)(-90.000000,-13.210246)|2:3:(147.999765,44.999880)(-0.000690,0.000899)(-0.000455,0.001019)(-90.000000,-13.210246)|2:2:(82.905850,63.941399)(-0.973068,-0.230519)(-34.219533,-5.961673)(-1.316374,0.719138)|1:0:(2.000769,44.999793)(0.002406,-0.000648)(0.001637,-0.000441)(90.000000,-13.210246)|1:1:(45.887429,59.645768)(0.982774,-0.184812)(4.754729,-1.620335)(90.000000,0.000000)
1,2,attaquant|829|2000|0|0|0|(88.569911,65.867573)(1.497028,0.279311)|1:2:(67.626050,57.156832)(-0.921438,0.388525)(-38.547489,8.819955)(90.000000,-20.588262)|1:3:(100.082073,45.221688)(0.111886,0.293774)(0.029813,0.072086)(0.000000,0.000000)|2:1:(117.321298,67.408727)(-0.868350,0.495953)(-31.116764,-1.324512)(-90.000000,0.000000)|2:0:(49.740214,47.276542)(0.407394,-0.913253)(0.667180,-3.189794)(-0.000000,0.000000)|2:3:(148.000031,45.000043)(0.000125,-0.000153)(0.000094,-0.000196)(-90.000000,-20.588262)|2:2:(64.470314,62.037079)(0.988196,0.153194)(56.517882,3.704377)(-90.000000,-20.588262)|1:0:(1.999901,45.000027)(-0.000436,0.000117)(-0.000337,0.000091)(90.000000,-20.588262)|1:1:(45.034923,62.302645)(-0.429550,0.354134)(-15.464473,3.639750)(90.000000,-20.588262)
1,2,defenseur|870|2000|0|0|0|(65.949551,57.384693)(-1.872902,-0.548246)|1:2:(92.859021,62.712221)(0.277704,-0.857366)(7.418683,-18.569587)(0.000000,0.000000)|1:3:(102.332693,58.663537)(-0.155843,-0.941169)(-2.488536,-14.604706)(0.000000,0.000000)|2:1:(105.111629,67.342031)(0.108381,-0.512230)(14.996751,-9.921322)(-90.000000,-12.932939)|2:0:(51.697458,46.018006)(0.549484,0.335029)(16.674479,12.249962)(-90.000000,-12.932939)|2:3:(148.000006,45.000001)(0.000015,-0.000020)(0.000009,-0.000021)(-90.000000,-12.932939)|2:2:(102.573513,65.108149)(-0.018015,-0.188861)(-34.769076,-7.364071)(-1.316374,0.719138)|1:0:(1.999981,45.000005)(-0.000052,0.000014)(-0.000033,0.000009)(90.000000,-12.932939)|1:1:(30.715727,61.413964)(0.625388,-0.702550)(37.732114,-4.183575)(90.000000,0.000000)
1,2,attaquant|1025|2000|0|1|0|(65.928207,48.098845)(-0.373050,0.006383)|1:2:(41.546709,48.148905)(0.999997,0.002310)(25.754545,-0.054133)(90.000000,0.000000)|1:3:(98.701769,43.501202)(0.164928,-0.078955)(1.463159,1.419843)(0.000000,0.000000)|2:1:(117.410621,48.073572)(0.999326,0.036721)(3.588704,0.055610)(-90.000000,-3.092461)|2:0:(63.019040,46.481719)(0.964347,0.264641)(4.246564,1.875384)(-90.000000,-3.092461)|2:3:(144.546062,47.645251)(0.320287,0.196457)(0.774225,0.643667)(-90.000000,-3.092461)|2:2:(108.853596,48.063211)(-0.999926,0.012126)(-43.552265,0.041377)(-1.316374,0.719138)|1:0:(5.012774,48.088831)(0.001891,-0.009984)(-0.010882,-0.006354)(90.000000,-3.092461)|1:1:(41.482764,48.088149)(0.999997,0.002599)(25.818489,0.006911)(90.000000,0.000000)
1,2,defenseur|1065|2000|0|1|0|(9.640867,33.837892)(-0.942287,-0.257949)|1:2:(81.490516,46.116689)(0.998189,-0.060152)(19.507673,-1.176841)(0.000000,0.000000)|1:3:(99.886739,45.140961)(-0.100662,0.079644)(0.012599,-0.061316)(0.000000,0.000000)|2:1:(120.121775,33.389117)(-0.066199,0.018590)(-0.187974,0.725314)(-90.000000,-10.904159)|2:0:(45.245540,44.226137)(-0.962432,-0.271524)(-35.624818,-10.401820)(-90.000000,-10.904159)|2:3:(148.301143,46.265564)(-0.412026,0.276255)(-0.713169,-0.989309)(-90.000000,-10.904159)|2:2:(69.019210,45.808969)(-0.983292,-0.182035)(-59.419348,-11.895163)(-1.316374,-0.719138)|1:0:(14.670411,35.728918)(0.228297,-0.883850)(-3.858959,-2.516927)(90.000000,57.000000)|1:1:(49.689880,43.488070)(-0.969667,-0.244430)(-40.076393,-9.636659)(90.000000,0.000000)
1,2,attaquant|1156|2000|0|1|0|(111.216202,53.629231)(0.769511,-0.170112)|1:2:(46.115939,62.104061)(-0.910480,-0.413552)(-17.026419,-8.718271)(90.000000,-8.799343)|1:3:(101.424306,57.122488)(0.945149,0.326638)(9.967535,-2.996507)(90.000000,-8.799343)|2:1:(105.680140,54.186032)(-0.055497,-0.732731)(4.711054,-1.119419)(-90.000000,0.000000)|2:0:(50.396545,44.672462)(0.336251,-0.336060)(-0.060294,-0.008521)(-0.000000,0.000000)|2:3:(148.025272,44.950533)(0.030466,-0.118258)(0.005194,-0.068791)(-90.000000,-8.799343)|2:2:(74.281634,63.730581)(0.983553,-0.180619)(46.701919,-10.111857)(-90.000000,-8.799343)|1:0:(2.188603,45.005010)(-0.004810,-0.000128)(-0.193413,-0.005138)(90.000000,-8.799343)|1:1:(34.966530,58.177326)(-0.863534,-0.504291)(-5.830064,-4.882274)(90.000000,-8.799343)
1,2,attaquant|1299|2000|0|1|0|(67.623323,57.806308)(0.843561,0.064288)|1:2:(100.015651,44.991831)(0.014994,-0.008109)(-0.000657,0.000060)(0.000000,0.000000)|1:3:(100.001404,44.995539)(0.009423,-0.009786)(0.008019,-0.005325)(0.000000,0.000000)|2:1:(120.027186,58.027067)(0.012959,0.115759)(-0.014228,-0.169289)(-90.000000,-12.742020)|2:0:(27.884170,55.111075)(0.997571,0.069658)(39.893163,2.700603)(-90.000000,-12.742020)|2:3:(147.990250,45.001693)(-0.002742,0.000409)(0.007007,-0.001285)(-90.000000,-12.742020)|2:2:(38.322450,56.453069)(0.998429,0.056025)(29.455740,1.344976)(-1.316374,0.719138)|1:0:(9.038177,47.663581)(-0.906381,-0.422461)(-7.944559,-3.086042)(90.000000,-12.742020)|1:1:(29.693128,54.434943)(0.996585,0.082570)(38.083219,3.389647)(90.000000,0.000000)
1,2,attaquant|1314|2000|0|1|0|(75.246626,58.387278)(0.305562,0.023287)|1:2:(99.992082,45.004192)(-0.004090,0.002280)(0.003829,-0.001912)(0.000000,0.000000)|1:3:(99.997605,45.003407)(-0.004525,0.004003)(-0.002129,0.000596)(0.000000,0.000000)|2:1:(119.988340,58.302347)(-0.001936,0.035814)(0.009724,0.097458)(-90.000000,-13.363991)|2:0:(42.848741,56.141420)(0.997631,0.068799)(33.089955,2.291370)(-90.000000,-13.363991)|2:3:(148.003556,44.999397)(-0.000848,0.000182)(-0.004405,0.000786)(-90.000000,-13.363991)|2:2:(53.302903,57.218401)(0.998677,0.051421)(22.636838,1.197011)(-1.316374,0.719138)|1:0:(1.412187,44.935735)(0.539508,0.151078)(1.127321,0.215344)(90.000000,-13.363991)|1:1:(44.637203,55.728922)(0.996218,0.086891)(31.300079,2.721961)(90.000000,0.000000)
1,2,defenseur|1339|2000|0|1|0|(78.932277,58.668161)(0.062384,0.004754)|1:2:(80.815636,56.901078)(-0.800960,0.598718)(-2.746703,2.361046)(90.000000,-13.663407)|1:3:(80.816381,56.903200)(-0.801325,0.598229)(-2.747813,2.358436)(90.000000,-13.663407)|2:1:(97.414803,58.581316)(-0.999993,0.003707)(-19.544903,0.085798)(-90.000000,0.000000)|2:0:(49.589714,45.230162)(0.313779,0.634814)(0.724065,0.404653)(-0.000000,0.000000)|2:3:(147.999059,45.000170)(-0.001188,0.000205)(-0.000247,0.000034)(-90.000000,-13.663407)|2:2:(78.294941,57.824053)(0.999805,0.019738)(42.704864,0.859092)(-90.000000,-13.663407)|1:0:(1.929740,45.032379)(0.136425,-0.007558)(0.206686,-0.039937)(90.000000,-13.663407)|1:1:(28.237852,58.677932)(-0.431100,-0.025624)(1.331048,-0.040150)(90.000000,-13.663407)
1,2,attaquant|1374|2000|0|1|0|(138.090297,55.404992)(0.638320,-0.035753)|1:2:(46.582407,58.187654)(-0.989227,-0.146387)(-17.571635,-2.893296)(90.000000,-10.440745)|1:3:(103.122560,56.934145)(0.998944,-0.045951)(35.328361,-1.539351)(90.000000,-10.440745)|2:1:(104.767425,56.981943)(0.998790,-0.049170)(33.683343,-1.590368)(-90.000000,0.000000)|2:0:(50.118284,44.946935)(0.092916,-0.112085)(-0.025368,-0.059021)(-0.000000,0.000000)|2:3:(135.475036,53.511356)(-0.386070,0.922470)(1.590872,2.851858)(-90.000000,33.000000)|2:2:(113.226910,56.609839)(0.991048,-0.133508)(7.764138,-1.302602)(-90.000000,-10.440745)|1:0:(1.988336,45.005198)(0.021112,-0.001068)(0.032776,-0.006266)(90.000000,-10.440745)|1:1:(30.187998,55.327318)(0.011652,0.079125)(-0.176346,0.192553)(90.000000,-10.440745)
1,2,defenseur|1401|2000|0|1|0|(101.241001,68.411492)(-1.389887,0.440598)|1:2:(64.014790,57.538387)(0.985522,0.169550)(39.601620,10.602058)(90.000000,-22.970894)|1:3:(121.088420,62.684368)(-0.672783,0.690038)(-19.130314,5.976565)(90.000000,-22.970894)|2:1:(121.951034,62.617415)(-0.732458,0.661744)(-20.052604,6.015223)(-90.000000,0.000000)|2:0:(49.973737,45.024821)(0.000019,0.018419)(0.026283,-0.006402)(-0.000000,0.000000)|2:3:(147.463201,46.136559)(0.365412,-0.930846)(0.902211,-2.067405)(-90.000000,-22.970894)|2:2:(119.299536,66.176223)(0.155053,0.987906)(0.855516,2.782578)(-90.000000,-22.970894)|1:0:(1.996983,44.999800)(-0.007926,0.001349)(-0.004909,0.001549)(90.000000,-22.970894)|1:1:(29.949812,67.047897)(0.051196,0.998689)(0.101384,1.921686)(90.000000,-22.970894)
1,2,attaquant|1410|2000|0|1|0|(92.480892,71.188471)(-0.716355,0.227086)|1:2:(64.544079,60.421511)(-0.664591,0.421450)(-35.208670,10.961323)(90.000000,-25.961385)|1:3:(112.946913,62.671432)(-0.873096,-0.487549)(-13.820008,-18.158981)(0.000000,0.000000)|2:1:(113.892687,66.502972)(-0.951544,0.307514)(-21.646984,4.765926)(-90.000000,0.000000)|2:0:(50.013473,44.984034)(-0.005129,-0.007846)(-0.018603,0.008120)(-0.000000,0.000000)|2:3:(148.389286,44.263883)(-0.234686,0.513550)(-0.623972,1.249667)(-90.000000,-25.961385)|2:2:(119.988562,71.244874)(-0.126558,-0.198444)(-0.115120,-0.481933)(-90.000000,-25.961385)|1:0:(2.002938,44.999866)(0.004869,-0.000968)(0.001931,-0.000834)(90.000000,-25.961385)|1:1:(29.998838,70.756282)(0.029340,-0.349010)(0.030502,-0.143907)(90.000000,-25.961385)
1,2,attaquant|1423|2000|0|1|0|(86.515281,73.079586)(-0.298373,0.094585)|1:2:(68.573416,67.062574)(0.891429,0.453160)(19.131667,6.375587)(90.000000,-27.985001)|1:3:(104.352521,53.056741)(-0.541876,-0.840458)(-4.894398,-8.897200)(0.000000,0.000000)|2:1:(101.291508,69.686398)(-0.974384,0.224889)(-15.452238,3.523492)(-90.000000,0.000000)|2:0:(49.994576,44.998938)(-0.009797,0.006873)(-0.004373,0.007936)(-0.000000,0.000000)|2:3:(148.346508,44.411035)(-0.114236,0.214094)(-0.460744,0.803060)(-90.000000,-27.985001)|2:2:(120.000320,72.990019)(0.043794,0.339460)(0.043474,0.334442)(-90.000000,-27.985001)|1:0:(2.002038,44.999506)(-0.000100,-0.000249)(-0.002138,0.000245)(90.000000,-27.985001)|1:1:(30.033771,72.853711)(-0.012911,0.273781)(-0.046682,0.405072)(90.000000,-27.985001)
1,2,defenseur|1454|2000|0|1|0|(40.154180,66.437693)(-1.778842,-0.313089)|1:2:(89.357686,69.131654)(0.462282,-0.886733)(11.104596,-25.018387)(0.000000,0.000000)|1:3:(99.962312,44.702016)(0.080884,0.354596)(0.118572,0.652580)(0.000000,0.000000)|2:1:(85.295984,74.346901)(0.988266,-0.152745)(35.692282,-7.748863)(-90.000000,-21.750782)|2:0:(49.683556,46.764244)(-0.159311,0.663479)(-7.909845,20.650017)(-90.000000,-21.750782)|2:3:(147.926250,45.113065)(-0.037508,0.053930)(0.036243,-0.059135)(-90.000000,-21.750782)|2:2:(111.534612,73.229189)(-0.995913,-0.090316)(-70.597504,-6.568723)(-1.316374,0.719138)|1:0:(1.999632,45.000036)(-0.000444,0.000101)(-0.000075,0.000065)(90.000000,-21.750782)|1:1:(38.249778,71.885015)(0.907010,-0.421109)(4.590254,-5.555342)(90.000000,0.000000)
1,2,attaquant|1484|2000|0|1|0|(19.484958,62.799761)(-0.218333,-0.038428)|1:2:(65.539480,62.179718)(-0.999934,0.011493)(-46.836124,0.669964)(90.000000,0.000000)|1:3:(100.004819,45.084629)(-0.007800,-0.042518)(-0.012619,-0.127147)(0.000000,0.000000)|2:1:(113.939817,65.653476)(0.922129,-0.386884)(6.982312,-3.202171)(-90.000000,-17.838189)|2:0:(26.628115,62.623652)(-0.990417,0.138109)(-7.915241,0.352646)(-90.000000,-17.838189)|2:3:(147.990234,45.014360)(0.005908,-0.009831)(0.015674,-0.024191)(-90.000000,-17.838189)|2:2:(81.701734,70.074438)(-0.993435,-0.114401)(-62.991878,-7.350651)(-1.316374,0.719138)|1:0:(1.999907,45.000019)(-0.000026,0.000015)(0.000067,-0.000004)(90.000000,-17.838189)|1:1:(19.360880,62.994153)(-0.999110,0.042178)(-0.656699,-0.113787)(90.000000,0.000000)
1,2,defenseur|1518|2000|0|1|0|(80.085957,74.421239)(0.418365,0.080208)|1:2:(82.767494,57.767142)(0.131527,0.991313)(-2.968374,17.565202)(90.000000,-29.341031)|1:3:(100.001999,45.020015)(0.000883,0.015177)(-0.001116,-0.004839)(0.000000,0.000000)|2:1:(113.892018,72.723257)(-0.999985,-0.005527)(-35.224410,1.612247)(-90.000000,0.000000)|2:0:(43.315436,51.990291)(0.705943,-0.708269)(7.390506,-7.698560)(-0.000000,0.000000)|2:3:(147.997530,45.003814)(-0.001755,0.002585)(0.000715,-0.001230)(-90.000000,-29.341031)|2:2:(74.200223,75.167576)(0.997788,0.066481)(46.797565,-0.760064)(-90.000000,-29.341031)|1:0:(1.999990,45.000001)(-0.000016,0.000003)(-0.000006,0.000003)(90.000000,-29.341031)|1:1:(36.166677,71.537423)(-0.580435,0.814307)(-6.747112,3.617915)(90.000000,-29.341031)
1,2,attaquant|1550|2000|0|1|0|(85.551379,75.469055)(0.054223,0.010396)|1:2:(56.111312,70.655903)(-0.982784,0.184759)(-27.094095,4.987515)(90.000000,-30.458660)|1:3:(99.999629,44.996423)(-0.000201,-0.003108)(0.000170,0.000469)(0.000000,0.000000)|2:1:(83.758983,75.936821)(-0.182231,0.141256)(1.555942,-0.336905)(-90.000000,0.000000)|2:0:(49.793493,45.273024)(0.118512,-0.143842)(0.325019,-0.416866)(-0.000000,0.000000)|2:3:(148.000444,44.999312)(0.000363,-0.000539)(-0.000081,0.000149)(-90.000000,-30.458660)|2:2:(106.197132,75.307639)(0.999980,0.006363)(14.802848,0.157383)(-90.000000,-30.458660)|1:0:(2.000002,45.000000)(0.000003,-0.000001)(0.000001,-0.000001)(90.000000,-30.458660)|1:1:(30.203628,75.920645)(-0.106918,0.027194)(-0.310545,-0.434792)(90.000000,-30.458660)
1,2,defenseur|1586|2000|0|1|0|(29.251571,72.802499)(-0.787164,-0.038172)|1:2:(79.318451,62.975899)(0.766309,-0.642472)(21.447858,-18.618371)(0.000000,0.000000)|1:3:(99.999971,44.999550)(0.000029,0.000112)(0.000059,0.000562)(0.000000,0.000000)|2:1:(100.895144,75.984602)(0.990666,-0.136311)(20.095522,-3.280242)(-90.000000,-27.840671)|2:0:(46.211618,55.433564)(-0.536819,0.843697)(-16.709702,18.250804)(-90.000000,-27.840671)|2:3:(148.000053,44.999922)(-0.000017,0.000030)(-0.000070,0.000108)(-90.000000,-27.840671)|2:2:(105.784002,74.824909)(-0.999657,-0.026193)(-76.744923,-2.010431)(-1.316374,0.719138)|1:0:(2.000000,45.000000)(0.000000,-0.000000)(-0.000000,0.000000)(90.000000,-27.840671)|1:1:(38.981938,71.679252)(-0.825354,-0.179041)(-9.768556,0.982378)(90.000000,0.000000)
1,2,attaquant|1607|2000|0|1|0|(26.787794,73.695775)(5.858176,1.296832)|1:2:(66.613363,61.883543)(-0.979305,0.202391)(-46.663050,10.717791)(90.000000,0.000000)|1:3:(99.999999,45.000052)(-0.000018,-0.000145)(-0.000017,-0.000197)(0.000000,0.000000)|2:1:(121.220970,72.124159)(0.670196,-0.211825)(-0.550773,0.062959)(-90.000000,-27.398943)|2:0:(30.153584,68.608612)(-0.889873,0.456208)(-10.113839,4.246538)(-90.000000,-27.398943)|2:3:(147.999995,45.000007)(0.000018,-0.000029)(0.000024,-0.000036)(-90.000000,-27.398943)|2:2:(84.791901,74.249188)(-0.999592,-0.028553)(-64.861875,-1.878797)(-1.316374,0.719138)|1:0:(2.000000,45.000000)(0.000000,0.000000)(0.000000,-0.000000)(90.000000,-27.398943)|1:1:(19.719447,72.343281)(-0.207529,-0.074826)(1.002643,-0.019163)(90.000000,0.000000)
1,2,defenseur|1701|2000|0|1|0|(28.184507,74.359239)(-0.545006,-0.117358)|1:2:(92.235321,62.919161)(0.386974,-0.922091)(8.151653,-18.841252)(0.000000,0.000000)|1:3:(100.000000,44.999999)(-0.000000,-0.000001)(-0.000000,-0.000001)(0.000000,0.000000)|2:1:(109.166004,79.688110)(0.924641,-0.380839)(11.758637,-5.592352)(-90.000000,-29.476597)|2:0:(44.704786,59.292606)(-0.605235,0.796047)(-16.580508,15.980038)(-90.000000,-29.476597)|2:3:(148.000000,45.000000)(0.000000,-0.000000)(0.000000,-0.000000)(-90.000000,-29.476597)|2:2:(93.502437,83.440475)(-0.990773,-0.135530)(-65.763697,-9.099408)(-1.316374,0.719138)|1:0:(2.000000,45.000000)(0.000000,-0.000000)(0.000000,-0.000000)(90.000000,-29.476597)|1:1:(35.414088,72.726116)(-0.964798,-0.262991)(-7.649373,1.487490)(90.000000,0.000000)
1,2,attaquant|1749|2000|0|1|0|(82.994119,89.269669)(0.411536,0.110002)|1:2:(60.420750,79.207347)(-0.901035,0.433746)(-31.321785,10.386066)(90.000000,-44.159667)|1:3:(100.000000,45.000000)(0.000000,-0.000000)(0.000000,0.000000)(0.000000,0.000000)|2:1:(113.231339,89.792241)(-0.999501,-0.031598)(-31.648257,-0.664173)(-90.000000,0.000000)|2:0:(43.795180,57.655141)(0.456305,-0.889823)(6.661125,-13.544964)(-0.000000,0.000000)|2:3:(148.000000,45.000000)(0.000000,-0.000000)(-0.000000,0.000000)(-90.000000,-44.159667)|2:2:(75.647153,88.991124)(0.996642,0.081882)(45.349489,0.250425)(-90.000000,-44.159667)|1:0:(2.000000,45.000000)(0.000000,-0.000000)(-0.000000,-0.000000)(90.000000,-44.159667)|1:1:(37.271043,85.381528)(-0.708766,0.705443)(-7.979809,4.483583)(90.000000,-44.159667)
1,2,attaquant|1822|2000|0|1|0|(80.377867,60.182172)(1.083982,-0.112459)|1:2:(99.920144,43.907267)(-0.195381,-0.147350)(-20.821640,16.240013)(90.000000,-15.294631)|1:3:(100.000000,45.000000)(-0.000000,0.000000)(-0.000000,-0.000000)(0.000000,0.000000)|2:1:(117.966710,61.185148)(-0.731853,0.124024)(-39.404678,-0.766492)(-90.000000,0.000000)|2:0:(41.019690,54.761618)(0.635485,-0.772113)(9.615795,-10.533732)(-0.000000,0.000000)|2:3:(148.000000,45.000000)(-0.000000,0.000000)(0.000000,-0.000000)(-90.000000,-15.294631)|2:2:(58.808396,62.102370)(0.917912,-0.396784)(62.109516,-2.204523)(-90.000000,-15.294631)|1:0:(2.000000,45.000000)(-0.000000,0.000000)(0.000000,0.000000)(90.000000,-15.294631)|1:1:(46.019246,64.041429)(-0.012656,-0.244321)(-16.031902,-3.991119)(90.000000,-15.294631)
1,2,attaquant|1866|2000|0|1|0|(43.162872,70.387474)(-1.188515,0.274734)|1:2:(97.564621,50.249656)(0.394795,-0.918769)(2.830174,-6.168425)(0.000000,0.000000)|1:3:(99.934915,48.033621)(0.193183,-0.981163)(0.258267,-4.014783)(0.000000,0.000000)|2:1:(95.048822,60.625198)(0.944209,0.329347)(25.895387,9.816890)(-90.000000,-25.112740)|2:0:(50.385916,46.286140)(0.049814,0.548515)(-5.984715,24.375116)(-90.000000,-25.112740)|2:3:(148.000000,45.000000)(-0.000000,0.000000)(-0.000000,0.000000)(-90.000000,-25.112740)|2:2:(82.508491,62.571229)(-0.972396,0.233337)(-39.129500,7.774849)(-1.316374,0.719138)|1:0:(2.000000,45.000000)(0.000000,-0.000000)(-0.000000,-0.000000)(90.000000,-25.112740)|1:1:(43.425809,66.350559)(0.816045,0.577988)(1.741623,4.340170)(90.000000,0.000000)
1,2,defenseur|1895|2000|0|1|0|(44.783628,68.972558)(4.487878,-1.342649)|1:2:(100.083124,44.868475)(0.235657,-0.320052)(0.152533,-0.188526)(0.000000,0.000000)|1:3:(100.251033,45.228140)(-0.131830,-0.194437)(-0.382863,-0.422577)(0.000000,0.000000)|2:1:(120.813641,73.155577)(0.788218,0.150457)(-0.025422,-2.689912)(-90.000000,-25.315207)|2:0:(35.828939,69.612658)(-0.451121,0.698710)(4.015690,1.401260)(-90.000000,-25.315207)|2:3:(148.000000,45.000000)(0.000000,-0.000000)(-0.000000,0.000000)(-90.000000,-25.315207)|2:2:(54.112342,68.454065)(-0.982588,0.185799)(-14.799180,2.046941)(-1.316374,0.719138)|1:0:(2.000000,45.000000)(0.000000,-0.000000)(-0.000000,-0.000000)(90.000000,-25.315207)|1:1:(29.265598,73.492688)(0.435585,0.035755)(11.465738,-3.141726)(90.000000,0.000000)
2,0,defenseur|218|2000|0|0|0|(73.766233,46.147671)(-0.007297,0.001974)|2:0:(145.013226,46.149589)(0.013901,-0.017683)(0.000675,-0.021576)(-90.000000,-1.145696)|1:0:(99.592949,45.207162)(0.394506,-0.141171)(0.801556,-0.348333)(0.000000,0.000000)|1:1:(66.565231,46.074551)(0.999968,0.008053)(8.208267,0.079198)(90.000000,0.000000)|2:1:(116.765720,46.111936)(0.999948,0.010226)(4.234228,0.043986)(-90.000000,-1.145696)
2,0,attaquant|331|2000|0|0|0|(100.110576,53.394120)(-0.205497,-0.031493)|2:0:(111.645421,54.687145)(-0.994086,-0.108595)(-12.323435,-1.370128)(-90.000000,0.000000)|1:0:(111.653603,54.659069)(-0.994389,-0.105787)(-12.331920,-1.339243)(90.000000,-8.425613)|1:1:(30.114757,53.266570)(-0.026669,-0.091948)(-0.141426,0.067095)(90.000000,-8.425613)|2:1:(112.277883,54.719605)(-0.994562,-0.104143)(-12.956373,-1.398135)(-90.000000,0.000000)
2,0,defenseur|642|2000|0|0|0|(1.573366,17.111100)(0.194289,-0.016523)|2:0:(21.641485,19.285419)(-0.995009,-0.099785)(-21.257416,-2.257580)(-90.000000,-27.872377)|1:0:(100.000059,44.999946)(-0.000007,-0.000038)(-0.000066,0.000016)(0.000000,0.000000)|1:1:(27.529953,18.597828)(-0.998658,-0.051788)(-27.149534,-1.521993)(90.000000,0.000000)|2:1:(119.999763,17.112514)(0.000772,-0.087009)(0.001009,-0.071899)(-90.000000,-27.872377)
2,0,defenseur|841|2000|0|0|0|(127.840725,55.890128)(3.985866,-0.864638)|2:0:(109.837456,59.626341)(-0.201872,-0.089340)(13.815531,-2.960915)(-90.000000,0.000000)|1:0:(108.732711,59.710594)(-0.198681,-0.082448)(14.923467,-3.038276)(90.000000,-11.754766)|1:1:(30.226169,59.092169)(0.058579,-0.501295)(-0.167590,-2.838698)(90.000000,-11.754766)|2:1:(110.818736,59.521594)(-0.208547,-0.108031)(12.827576,-2.874859)(-90.000000,0.000000)
2,0,defenseur|1540|2000|0|0|0|(74.376884,53.250767)(-0.865967,-0.030567)|2:0:(110.672378,54.682322)(-0.999180,-0.040484)(-36.428707,-1.441472)(-90.000000,0.000000)|1:0:(110.720177,52.719924)(-0.999999,-0.001596)(-36.477324,0.559813)(90.000000,-8.281334)|1:1:(29.894135,52.779784)(0.097523,-0.461557)(0.203388,0.039993)(90.000000,-8.281334)|2:1:(110.580844,54.670924)(-0.999187,-0.040305)(-36.337180,-1.429896)(-90.000000,0.000000)
2,0,goal|1617|2000|0|0|0|(126.040780,70.490153)(0.200138,0.056263)|2:0:(127.377053,70.222755)(0.440022,0.035583)(-1.096390,0.246718)(-90.000000,0.000000)|1:0:(120.036283,69.011885)(0.965441,0.260624)(6.769799,1.682628)(90.000000,-25.433890)|1:1:(33.066874,68.092272)(-0.844372,0.535757)(-3.911246,2.877375)(90.000000,-25.433890)|2:1:(127.212370,69.905389)(0.213299,0.037176)(-1.158429,0.565677)(-90.000000,0.000000)
2,0,attaquant|1640|2000|0|0|0|(73.003235,88.152633)(-0.801429,0.266891)|2:0:(140.606044,55.299752)(0.592269,-0.805740)(7.986225,-11.105493)(-90.000000,-42.885743)|1:0:(108.933641,78.339390)(-0.886217,-0.127031)(-9.819858,-33.466421)(0.000000,0.000000)|1:1:(31.002403,88.834830)(0.578284,0.786316)(43.380545,-0.162772)(90.000000,0.000000)|2:1:(109.387244,77.135550)(-0.523849,0.536150)(10.088907,11.286342)(-90.000000,-42.885743)

2,0,attaquant|333|2000|0|0|0|(52.315512,25.619829)(-0.000003,-0.000000)|2:0:(147.999996,45.000001)(-0.000003,0.000000)(0.000001,-0.000001)(-90.000000,-19.380171)|1:0:(29.999776,25.619826)(0.000758,0.000010)(0.000982,0.000013)(90.000000,-19.380171)|1:1:(1.999996,45.000001)(0.000001,0.000001)(0.000005,0.000000)(90.000000,-19.380171)|2:1:(120.000102,25.619825)(0.000073,-0.000002)(-0.000028,0.000001)(-90.000000,-19.380171)
2,0,defenseur|634|2000|0|0|0|(90.926100,26.996305)(0.556691,-0.030004)|2:0:(48.386125,40.243669)(0.490116,0.871657)(2.103992,5.627989)(-0.000000,0.000000)|1:0:(44.677560,26.132897)(0.999995,0.003201)(46.691843,0.896612)(1.316374,-0.719138)|1:1:(2.122365,44.937426)(-0.213548,0.108742)(-0.335913,0.171316)(90.000000,-17.973691)|2:1:(107.107643,25.630523)(-0.998771,0.049556)(-17.737005,1.445342)(-90.000000,0.000000)
2,0,attaquant|959|2000|0|0|0|(74.804663,86.425942)(0.000300,0.000245)|2:0:(119.999658,86.423468)(0.000204,0.004114)(0.000546,0.006343)(-90.000000,-41.425697)|1:0:(29.999722,86.418909)(0.000146,0.004305)(0.000423,0.011092)(90.000000,-41.425697)|1:1:(1.995038,44.999431)(-0.002638,-0.000349)(0.002325,0.000220)(90.000000,-41.425697)|2:1:(119.998404,86.413382)(-0.000856,-0.005546)(0.000740,0.006768)(-90.000000,-41.425697)
2,0,attaquant|1524|2000|0|0|0|(111.607038,76.255454)(0.512744,0.236669)|2:0:(148.000130,45.000156)(0.000124,0.000112)(-0.000005,-0.000044)(-90.000000,-31.018786)|1:0:(108.022207,74.734090)(0.909416,0.415888)(3.981502,1.700584)(1.316374,0.719138)|1:1:(1.999870,45.000156)(-0.000124,0.000112)(0.000005,-0.000044)(90.000000,-31.018786)|2:1:(105.696273,74.113335)(0.961005,0.276530)(6.359026,2.181981)(-90.000000,0.000000)
1,2,attaquant|141|2000|0|0|0|(66.048940,61.416617)(-0.054629,0.021674)|1:2:(1.869822,45.104525)(-0.130809,0.038732)(-0.000631,-0.065793)(90.000000,-16.394943)|1:3:(100.339783,44.863365)(0.062407,0.138873)(-0.277377,0.275508)(0.000000,0.000000)|2:1:(119.696565,61.257736)(0.343964,0.205483)(0.647398,0.342691)(-90.000000,-16.394943)|2:0:(50.219583,45.155304)(0.591314,0.468288)(0.371731,0.312984)(-0.000000,0.000000)|2:3:(147.910816,45.074756)(-0.186592,0.212000)(-0.097408,0.137244)(-90.000000,-16.394943)|2:2:(66.217822,61.340092)(-0.937841,0.347066)(-1.052093,0.401917)(-1.316374,0.719138)|1:0:(1.865410,45.093761)(-0.092641,0.016684)(0.041949,-0.077077)(90.000000,-16.394943)|1:1:(65.571605,61.252164)(0.999345,0.036195)(1.531309,0.178974)(90.000000,0.000000)
1,2,defenseur|299|2000|0|0|0|(76.426818,68.514339)(-1.789456,-0.245253)|1:2:(111.182150,74.725290)(-0.994835,-0.101506)(-33.960710,-6.067204)(1.755165,-0.958851)|1:3:(110.323048,75.269943)(-0.997840,-0.065685)(-33.104614,-6.576036)(1.755165,-0.958851)|2:1:(110.224108,72.958820)(-0.990717,-0.135939)(-32.998551,-4.335167)(-90.000000,0.000000)|2:0:(49.999939,44.999939)(0.000076,0.000066)(0.000136,0.000127)(-0.000000,0.000000)|2:3:(147.999974,45.000025)(-0.000047,0.000057)(-0.000021,0.000032)(-90.000000,-23.759592)|2:2:(104.025973,71.473903)(-0.902250,-0.300415)(-26.711949,-3.014725)(-1.755165,-0.958851)|1:0:(1.999968,45.000017)(-0.000008,-0.000007)(0.000024,-0.000024)(90.000000,-23.759592)|1:1:(30.554538,67.505961)(-0.095906,-0.623696)(-0.650444,0.629935)(90.000000,-23.759592)
1,2,attaquant|896|2000|0|0|0|(91.291765,35.072882)(-0.634450,0.078764)|1:2:(29.976840,35.315343)(-0.008773,0.124240)(0.014387,-0.196985)(90.000000,-10.005882)|1:3:(125.166225,31.717071)(-0.995233,0.097526)(-34.235243,3.374573)(23.838542,13.380455)|2:1:(125.131389,31.669996)(-0.995084,0.099033)(-34.200259,3.423155)(-90.000000,0.000000)|2:0:(50.001489,45.002060)(-0.000432,-0.001103)(-0.001920,-0.003163)(-0.000000,0.000000)|2:3:(149.317433,45.668820)(-0.290312,-0.278253)(-1.607745,-0.947073)(-90.000000,-10.005882)|2:2:(129.615138,30.134619)(-0.991675,0.128763)(-38.680598,4.988263)(-1.755165,0.958851)|1:0:(2.015329,45.019429)(0.014230,0.011218)(-0.001099,-0.008211)(90.000000,-10.005882)|1:1:(29.976845,35.321299)(-0.009889,0.138750)(0.013266,-0.188431)(90.000000,-10.005882)
1,2,defenseur|981|2000|0|0|0|(133.900100,56.158224)(0.225633,0.087650)|1:2:(109.756900,47.080077)(0.936562,0.350502)(24.854129,9.340999)(41.179662,-1.729575)|1:3:(114.185192,48.827163)(0.937851,0.347038)(20.427126,7.590449)(36.752659,-3.480126)|2:1:(114.332759,48.854379)(0.937382,0.348302)(20.279090,7.564498)(-90.000000,0.000000)|2:0:(49.999990,44.999989)(0.000013,0.000025)(0.000023,0.000036)(-0.000000,0.000000)|2:3:(133.296755,57.917217)(0.903911,-0.162035)(1.281623,-2.008679)(-90.000000,50.000000)|2:2:(113.201492,49.280961)(0.950182,0.311695)(21.423157,7.101309)(-1.755165,-0.958851)|1:0:(1.746050,45.979140)(-0.184877,-0.198732)(0.069072,-1.177872)(90.000000,-11.070574)|1:1:(29.999922,56.110035)(0.001002,-0.167259)(0.001081,-0.206719)(90.000000,-11.070574)
1,2,attaquant|1026|2000|0|0|0|(74.179066,71.772118)(-0.339246,0.083313)|1:2:(75.071128,58.469749)(-0.807334,0.590095)(-1.360150,13.809151)(90.000000,0.000000)|1:3:(101.295924,65.997035)(-0.840540,-0.221692)(-2.136463,-21.218727)(0.000000,0.000000)|2:1:(101.993334,66.733673)(-0.431715,0.266780)(17.574950,5.221913)(-90.000000,-26.688805)|2:0:(49.999998,44.999997)(-0.000002,-0.000003)(-0.000000,-0.000000)(-0.000000,0.000000)|2:3:(147.979488,45.009407)(-0.515508,0.486106)(-0.494996,0.476699)(-90.000000,-26.688805)|2:2:(100.579766,66.693802)(-0.981460,0.191665)(-27.042915,5.186669)(-1.316374,0.719138)|1:0:(2.045759,44.981806)(0.085473,0.010170)(0.039715,0.028364)(90.000000,-26.688805)|1:1:(30.579921,71.659241)(0.380040,-0.031289)(44.318432,-0.001725)(90.000000,0.000000)
1,2,defenseur|1101|2000|0|0|0|(40.087172,86.838903)(4.715781,-1.053253)|1:2:(100.141622,44.893562)(0.128075,-0.098066)(-0.013546,0.008371)(0.000000,0.000000)|1:3:(99.858156,45.055130)(-0.100573,0.030780)(0.041271,-0.024350)(0.000000,0.000000)|2:1:(119.929312,87.862957)(-0.044697,-0.078440)(0.025992,-0.049240)(-90.000000,-42.892156)|2:0:(44.480740,69.801726)(-0.389213,0.921148)(-9.498562,19.011577)(-90.000000,-42.892156)|2:3:(147.987857,45.012225)(-0.011991,0.012229)(0.000152,0.000003)(-90.000000,-42.892156)|2:2:(34.285492,87.264848)(0.161052,-0.390253)(1.246951,0.237055)(-1.316374,0.719138)|1:0:(1.999474,44.999471)(0.001108,-0.000307)(0.001633,0.000222)(90.000000,-42.892156)|1:1:(35.584450,88.713517)(-0.988742,-0.149630)(-1.201800,-0.970991)(90.000000,0.000000)
1,2,attaquant|1133|2000|0|0|0|(86.750576,76.416793)(0.370560,-0.082763)|1:2:(76.695753,60.808773)(-0.937723,0.347385)(-47.633475,16.038168)(90.000000,-31.499556)|1:3:(92.912083,57.575547)(-0.404115,0.914708)(-6.936182,19.838718)(1.755165,-0.958851)|2:1:(105.479722,79.737885)(-0.993885,-0.110423)(-20.093590,-3.348752)(-90.000000,0.000000)|2:0:(48.498078,51.813681)(0.216217,-0.976345)(1.718139,-7.790026)(-0.000000,0.000000)|2:3:(148.002111,44.997878)(0.002369,-0.002412)(0.000258,-0.000290)(-90.000000,-31.499556)|2:2:(64.009694,80.554220)(0.984761,-0.173911)(23.355084,-4.228575)(-1.755165,-0.958851)|1:0:(2.000126,45.000097)(-0.000180,0.000066)(-0.000306,-0.000031)(90.000000,-31.499556)|1:1:(34.181652,77.600640)(-0.944168,-0.329466)(-5.125819,-1.430550)(90.000000,-31.499556)
1,2,defenseur|1313|2000|0|0|0|(57.388003,79.307903)(0.237086,0.225423)|1:2:(99.994879,45.002608)(0.005304,-0.006066)(0.010425,-0.008675)(0.000000,0.000000)|1:3:(100.003094,44.992937)(0.007292,-0.012675)(0.004199,-0.005612)(0.000000,0.000000)|2:1:(119.918313,68.137271)(0.008590,0.999963)(0.090278,11.945172)(-90.000000,-34.082481)|2:0:(37.650074,47.309584)(0.992334,-0.123588)(13.342259,-2.433171)(-0.000000,0.000000)|2:3:(148.311858,44.924048)(0.199385,-0.023725)(-0.112473,0.052227)(-90.000000,-34.082481)|2:2:(42.083303,66.499839)(0.764481,0.644647)(15.832096,13.227288)(-1.316374,0.719138)|1:0:(0.142051,44.071307)(0.072135,-0.084104)(1.930084,0.844590)(90.000000,-34.082481)|1:1:(34.337196,57.883856)(0.733155,0.680061)(23.546877,21.878686)(90.000000,0.000000)
1,2,attaquant|1520|2000|0|0|0|(100.037672,5.268255)(-0.031789,-0.175059)|1:2:(29.787233,23.650783)(0.012538,-0.999921)(0.225305,-19.207391)(90.000000,-39.556686)|1:3:(105.099825,25.478252)(-0.247723,-0.968831)(-5.278087,-21.003769)(44.652452,18.552917)|2:1:(105.451184,25.279640)(-0.267085,-0.963673)(-5.648808,-20.799999)(-90.000000,0.000000)|2:0:(49.997729,45.009424)(0.002838,-0.011641)(0.005109,-0.021065)(-0.000000,0.000000)|2:3:(148.058703,45.042394)(0.051534,0.074508)(-0.007169,0.032114)(-90.000000,-39.556686)|2:2:(104.875266,25.918152)(-0.231079,-0.972935)(-5.036884,-21.447773)(-1.755165,0.958851)|1:0:(1.941377,45.042321)(-0.051708,0.074730)(0.006916,0.032408)(90.000000,-39.556686)|1:1:(29.999199,23.725569)(0.000059,-1.000000)(0.000859,-19.282255)(90.000000,-39.556686)
