1,0,Foncer|102|2000|0|0|0|(75.000000,45.000000)(0.000000,0.000000)|2:0:(149.568389,14.026474)(0.404379,0.538195)(-0.879937,0.517516)(0.570977,0.801850)|1:0:(74.801552,44.923928)(-0.083819,-0.032131)(0.114630,0.043941)(0.000000,0.000000)|1:1:(13.970479,54.845527)(0.019996,-0.422215)(-0.290066,-0.841113)(-0.015088,0.068168)|2:1:(116.931605,63.636400)(-0.421612,0.138877)(-0.347945,-0.042255)(0.093830,0.523115)
1,0,Marquer|123|2000|0|0|0|(75.000000,45.000000)(0.000000,0.000000)|2:0:(148.119500,18.218083)(-0.281057,0.223020)(0.124643,0.441530)(-0.290489,-0.020848)|1:0:(75.053043,45.020333)(-0.009375,-0.003594)(-0.062417,-0.023927)(0.000000,0.000000)|1:1:(10.915200,53.015609)(-0.182915,0.023596)(-0.701239,-0.241327)(0.972476,0.414967)|2:1:(106.768443,66.770477)(-0.486471,0.266473)(-0.246420,0.001685)(-0.214689,0.353123)
1,0,Random|268|2000|1|0|0|(98.520753,49.275206)(3.697246,0.672023)|2:0:(126.690657,31.480443)(0.065808,-0.244208)(0.476400,0.289454)(0.658248,0.997124)|1:0:(79.120916,46.249082)(0.968454,0.249194)(16.671044,2.603295)(0.000000,0.000000)|1:1:(9.257665,78.870669)(-0.166395,-0.044899)(0.493257,-0.991986)(0.166078,-0.465320)|2:1:(132.515765,72.284048)(-0.002959,0.313304)(-0.246784,0.444389)(-0.039903,0.946228)
1,0,Foncer|337|2000|1|0|0|(141.752808,57.133201)(0.030996,0.005634)|2:0:(115.307390,25.889596)(-0.465718,0.583295)(-0.825082,-0.070854)(0.251509,0.765317)|1:0:(74.331859,75.570246)(-0.362924,-0.049772)(-0.407146,-0.625830)(-0.664131,0.346331)|1:1:(4.818757,88.930712)(0.241167,-0.205377)(0.583257,-0.119733)(0.436729,-0.593584)|2:1:(114.744147,85.119223)(-0.047827,0.178366)(0.264427,-0.401443)(-0.350246,0.154857)
1,0,Random|407|2000|1|0|0|(142.230667,57.220058)(0.000405,0.000074)|2:0:(109.881168,23.337065)(-0.493264,-0.256314)(-0.922897,-0.700088)(-0.990704,-0.573906)|1:0:(137.791290,58.267763)(0.973197,-0.229971)(5.412169,-1.277750)(0.000000,0.000000)|1:1:(21.142436,86.585871)(-0.186322,-0.115120)(-0.414486,-0.615251)(-0.164836,-0.499065)|2:1:(108.412889,74.106948)(0.093541,0.204340)(0.202040,0.246826)(-0.012870,0.055321)
1,0,Marquer|458|2000|1|0|0|(142.236747,57.221163)(0.000017,0.000003)|2:0:(111.862405,16.809793)(0.381247,-0.287995)(0.203960,-0.165599)(-0.717472,0.668486)|1:0:(143.215882,46.016492)(0.055899,-0.488172)(0.161214,0.103481)(0.314584,0.314415)|1:1:(14.626077,89.421182)(0.453032,0.033000)(0.897328,-0.922237)(0.157525,0.717665)|2:1:(109.538733,80.519933)(0.241974,0.022928)(0.525615,0.107882)(-0.277484,-0.611080)


1,0,Passe|138|2000|0|0|0|(75.000000,45.000000)(0.000000,0.000000)|2:0:(144.258099,16.479842)(0.378940,0.277866)(0.823597,-0.222293)(-0.100894,0.022379)|1:0:(74.985720,44.994526)(0.017119,0.006562)(0.031399,0.012036)(0.000000,0.000000)|1:1:(31.230886,68.520042)(0.270618,0.270291)(0.257372,-0.178432)(0.398806,0.968042)|2:1:(110.178805,48.608917)(-0.133008,-0.121741)(0.588027,-0.609991)(-0.887996,0.818568)
1,0,Marquer|159|2000|0|0|0|(75.000000,45.000000)(0.000000,0.000000)|2:0:(147.656890,22.527510)(-0.102127,0.698970)(0.954271,0.371447)(-0.740068,0.660029)|1:0:(74.998849,44.999559)(-0.009657,-0.003702)(-0.008506,-0.003260)(0.000000,0.000000)|1:1:(39.275997,70.777698)(0.121845,-0.062891)(-0.559583,0.567278)(0.070216,-0.692356)|2:1:(109.005090,52.259795)(-0.215675,-0.254832)(0.436346,0.722885)(0.364864,0.714512)
1,0,Passe|220|2000|0|0|0|(140.107494,28.506926)(0.073186,-0.018539)|2:0:(145.172725,39.417963)(0.165954,0.129082)(0.715117,-0.680032)(0.690308,0.609708)|1:0:(129.835149,31.109886)(0.969362,-0.245636)(11.168522,-2.830056)(0.000000,0.000000)|1:1:(54.332176,66.493944)(0.285025,-0.172747)(-0.478204,-0.222228)(0.438279,0.318750)|2:1:(110.050981,40.361012)(-0.025794,0.488927)(0.107970,0.521576)(-0.555592,0.451912)
1,0,Random|334|2000|0|0|0|(141.245243,28.218710)(0.000062,-0.000016)|2:0:(143.053288,43.836486)(-0.206842,0.324311)(0.260231,0.076937)(-0.116949,0.705588)|1:0:(141.244227,28.218968)(0.005994,-0.001518)(0.006948,-0.001760)(0.000000,0.000000)|1:1:(46.845157,62.816365)(0.667571,0.218184)(0.506616,0.553709)(0.205005,-0.613137)|2:1:(126.714921,54.159591)(0.262623,-0.061654)(0.867581,-0.432430)(-0.052465,0.596865)
1,0,Passe|299|2000|0|0|0|(75.000000,45.000000)(0.000000,0.000000)|2:0:(112.390742,45.603366)(-0.344425,0.164256)(-0.011455,0.601485)(-0.151465,-0.070394)|1:0:(75.000000,45.000000)(-0.000006,-0.000002)(-0.000006,-0.000002)(0.000000,0.000000)|1:1:(49.768265,72.211863)(0.085540,-0.002717)(0.245270,-0.276031)(-0.797740,-0.138548)|2:1:(135.390898,41.890328)(0.114786,-0.431362)(0.398017,0.003113)(0.000808,-0.745369)
1,0,Passe|311|2000|0|0|0|(75.000000,45.000000)(0.000000,0.000000)|2:0:(107.964052,45.939884)(-0.612716,-0.328598)(0.047062,-0.622034)(0.016142,0.479443)|1:0:(74.999999,45.000000)(-0.000003,-0.000001)(-0.000002,-0.000001)(0.000000,0.000000)|1:1:(51.896635,73.443014)(0.448291,0.122258)(0.942494,0.422936)(-0.016078,-0.640367)|2:1:(136.808655,41.487216)(0.090911,0.136178)(-0.573947,0.010542)(0.934589,0.381572)
1,0,Marquer|326|2000|0|0|0|(75.000000,45.000000)(0.000000,0.000000)|2:0:(105.257959,49.504214)(0.050733,0.082517)(-0.354337,-0.821950)(-0.744508,0.662517)|1:0:(75.000001,45.000000)(0.000001,0.000001)(0.000000,0.000000)(0.000000,0.000000)|1:1:(52.462767,71.085887)(-0.011653,-0.274777)(0.670085,-0.682846)(-0.774270,0.671461)|2:1:(136.332347,43.210617)(0.344559,-0.111921)(0.820748,-0.544295)(-0.341329,0.894459)
1,0,Marquer|419|2000|0|0|0|(142.939240,78.602691)(-0.280622,0.864383)|2:0:(119.150372,47.620504)(-0.166849,-0.313692)(-0.056311,0.344236)(-0.589734,0.603604)|1:0:(147.981025,42.713962)(-0.041639,0.999133)(-4.802803,36.023479)(0.000000,0.000000)|1:1:(41.549678,70.411757)(0.129254,0.334183)(0.866524,-0.023419)(0.199604,-0.109206)|2:1:(142.673650,37.541565)(0.836852,-0.314853)(0.347600,-0.112287)(0.265278,0.946410)
1,0,Passe|450|2000|0|0|0|(139.436224,89.392822)(-0.036212,0.111543)|2:0:(121.517587,48.729686)(-0.139070,0.048309)(-0.982786,0.011076)(0.958866,-0.403830)|1:0:(142.942314,73.275613)(-0.205751,0.978604)(-3.675628,16.984270)(0.000000,0.000000)|1:1:(37.075334,80.104378)(0.340208,0.279565)(0.988599,0.356942)(-0.358737,0.003944)|2:1:(145.311707,19.744382)(-0.258364,-0.589693)(0.380920,-0.589397)(0.209902,0.722525)
1,0,Marquer|504|2000|0|0|0|(138.894574,88.938767)(-0.001256,-0.003870)|2:0:(130.408227,48.686603)(-0.049085,-0.014700)(0.788598,-0.578280)(0.547768,-0.586948)|1:0:(138.914600,88.857031)(-0.000540,-0.024247)(-0.019310,0.061359)(0.000000,0.000000)|1:1:(40.914221,73.617678)(0.088202,-0.757376)(0.252148,-0.074149)(0.048652,-0.916459)|2:1:(131.936175,0.510738)(-0.150936,-0.801807)(-0.329206,0.062462)(-0.512331,-0.141306)
1,0,Passe|564|2000|0|0|0|(127.020779,31.150807)(-0.040841,-0.069237)|2:0:(133.613631,37.123487)(-0.172351,-0.226951)(-0.456112,0.242137)(-0.030220,0.280780)|1:0:(129.519259,36.683567)(-0.397943,-0.917410)(-2.855582,-6.380933)(0.000000,0.000000)|1:1:(39.825202,74.804773)(0.026509,0.082185)(0.955785,0.253956)(-0.907082,-0.191997)|2:1:(144.953411,5.617038)(0.221890,-0.177427)(-0.948255,-0.937181)(0.348402,-0.530283)
1,0,Marquer|627|2000|0|0|0|(126.398385,30.095689)(-0.000817,-0.001385)|2:0:(112.980515,29.120436)(-0.173899,0.320831)(-0.070327,0.355839)(-0.662732,0.105518)|1:0:(126.438975,30.153903)(-0.011631,-0.019753)(-0.051404,-0.076582)(0.000000,0.000000)|1:1:(33.051634,76.290187)(0.033350,0.189362)(-0.176360,0.729134)(-0.941243,0.290668)|2:1:(140.638318,4.125991)(-0.012447,-0.255057)(0.798922,-0.739595)(0.800969,-0.245623)
1,0,Passe|674|2000|0|0|0|(124.620254,73.610280)(-0.136742,0.121482)|2:0:(115.030864,24.397624)(0.388605,0.182106)(0.612443,0.352453)(0.810953,0.810539)|1:0:(129.065075,67.360268)(-0.513234,0.858248)(-4.821314,6.986778)(0.000000,0.000000)|1:1:(28.990635,57.521499)(0.038213,-0.469794)(-0.358020,-0.977669)(0.431278,0.898247)|2:1:(139.726620,13.450805)(0.064137,0.512132)(0.490511,-0.023822)(-0.234536,-0.740282)
1,0,Marquer|702|2000|0|0|0|(122.880988,75.155449)(-0.023552,0.020924)|2:0:(118.902184,16.154959)(-0.044245,-0.284689)(-0.325880,0.067380)(-0.801285,0.495225)|1:0:(123.150532,75.053250)(0.402297,-0.043060)(0.156305,0.038215)(0.000000,0.000000)|1:1:(40.076666,53.145247)(0.530282,-0.234047)(0.967837,-0.130184)(-0.219023,-0.040193)|2:1:(137.305771,14.306112)(0.066548,-0.810762)(-0.764808,-0.372069)(0.470295,0.213722)
1,0,Marquer|753|2000|0|0|0|(136.838473,22.725769)(-0.086397,-0.112436)|2:0:(122.090865,0.716801)(-0.101714,0.364420)(0.009268,0.700906)(-0.494354,-0.263801)|1:0:(138.133310,32.898805)(-0.057591,-0.998340)(-1.266030,-11.058940)(0.000000,0.000000)|1:1:(44.816605,54.761244)(-0.094967,0.399052)(-0.014720,0.201438)(0.025275,-0.742721)|2:1:(137.349198,14.006194)(-0.380307,0.316496)(0.060762,0.738119)(-0.406312,0.472131)
