
2,0,attaquant|88|2000|0|0|0|(90.168293,53.425907)(0.280172,0.155634)|2:0:(135.000000,53.332364)(0.000000,0.361204)(-0.000000,0.299112)(-0.000000,0.000000)|1:0:(29.200092,49.478264)(0.930481,-0.366339)(8.730389,-4.844603)(0.000000,0.000000)|1:1:(85.260309,52.778868)(0.102341,0.286261)(0.000000,0.777665)(0.000000,0.000000)|2:1:(135.000000,53.055192)(0.000000,-0.033428)(-0.000000,0.181652)(-0.000000,0.000000)
2,0,mil|98|2000|0|0|0|(92.164630,54.534862)(0.147039,0.081680)|2:0:(128.456525,55.343596)(-0.999705,0.024279)(-91.456231,-10.319317)(-0.000000,0.000000)|1:0:(37.745732,44.501815)(0.649166,-0.697333)(-0.096565,-0.199149)(0.000000,0.000000)|1:1:(85.860222,54.632793)(0.035684,0.408935)(0.000000,0.229324)(0.000000,0.000000)|2:1:(135.000000,54.748570)(0.000000,0.235081)(-0.000000,-0.060307)(-0.000000,0.000000)
2,0,mil|123|2000|0|0|0|(93.955806,55.529851)(0.030587,0.016991)|2:0:(103.457359,55.274277)(-0.999901,0.014053)(-21.064082,0.505271)(-66.457260,-10.260224)|1:0:(36.832250,45.524411)(0.074613,-0.149107)(0.242363,-0.673518)(0.000000,0.000000)|1:1:(86.158323,55.610085)(0.002562,0.071125)(0.000000,-0.026100)(0.000000,0.000000)|2:1:(135.000000,55.533952)(0.000000,-0.036665)(-0.000000,-0.057757)(-0.000000,0.000000)
2,0,attaquant|133|2000|0|0|0|(94.176555,55.652475)(0.016428,0.009126)|2:0:(93.467080,55.648602)(-0.995117,0.098701)(-0.604141,0.186897)(-56.462197,-10.549901)|1:0:(36.967943,45.176821)(0.070836,-0.237190)(0.102893,-0.414011)(0.000000,0.000000)|1:1:(86.173339,55.632781)(0.000893,0.040819)(0.000000,0.051388)(0.000000,0.000000)|2:1:(135.000000,55.686221)(0.000000,0.036295)(-0.000000,-0.006576)(-0.000000,0.000000)
2,0,attaquant|190|2000|0|0|0|(77.478680,72.919152)(1.137241,0.331031)|2:0:(39.565852,47.412127)(-0.707588,-0.706625)(-2.273440,-3.118752)(-0.000000,0.000000)|1:0:(27.201088,69.070319)(-0.021607,0.999767)(0.000000,4.517569)(0.000000,0.000000)|1:1:(70.074444,70.001623)(-0.227200,0.658000)(6.039796,3.244498)(0.000000,0.000000)|2:1:(110.806807,46.895397)(-0.271381,0.729207)(-0.000000,26.421931)(-0.000000,0.000000)
2,0,mil|199|2000|0|0|0|(84.725021,75.028438)(0.597517,0.173927)|2:0:(37.545906,43.571451)(0.201924,0.241488)(0.656018,1.670037)(-0.000000,0.000000)|1:0:(27.951961,74.264581)(0.251178,-0.187173)(9.299217,-29.451754)(0.000000,0.000000)|1:1:(72.936394,76.146423)(0.287430,0.377287)(0.000000,-0.914625)(0.000000,0.000000)|2:1:(109.587976,55.675156)(-0.054736,0.998501)(-0.000000,20.177856)(-0.000000,0.000000)
2,0,attaquant|278|2000|0|0|0|(93.524293,77.589755)(0.004057,0.001181)|2:0:(92.245844,76.983074)(-0.023001,-0.008534)(2.502783,1.193931)(-54.268844,-31.991608)|1:0:(36.963697,45.190392)(-0.034676,0.184825)(0.001627,-0.005568)(0.000000,0.000000)|1:1:(75.522636,77.595539)(0.000070,-0.008466)(0.000000,-0.015431)(0.000000,0.000000)|2:1:(109.338577,77.533178)(-0.000002,-0.035968)(-0.000000,0.019428)(-0.000000,0.000000)
2,0,mil|311|2000|0|0|0|(93.579581,77.605848)(0.000526,0.000153)|2:0:(67.644799,62.399786)(-0.862379,-0.506264)(-30.507178,-17.906050)(-0.000000,0.000000)|1:0:(37.006191,44.967067)(-0.000145,0.000235)(-0.006336,0.033168)(0.000000,0.000000)|1:1:(75.523244,77.607225)(0.000002,0.002879)(0.000000,0.001349)(0.000000,0.000000)|2:1:(109.338562,77.612851)(-0.000000,-0.003063)(-0.000000,-0.010219)(-0.000000,0.000000)
2,0,attaquant|495|2000|0|0|0|(51.098870,55.343651)(-2.524089,-0.349789)|2:0:(79.831135,57.870731)(-0.511815,-0.851033)(-0.000000,-3.028323)(-0.000000,0.000000)|1:0:(37.002068,51.476664)(0.000127,1.000000)(0.000000,5.216776)(0.000000,0.000000)|1:1:(75.193511,60.453642)(-0.913429,-0.191818)(-44.967962,-9.904038)(35.893060,-15.645459)|2:1:(113.663933,57.012131)(-0.043174,-0.988564)(-0.707107,-13.000695)(-0.000000,0.000000)
2,0,mil|540|2000|0|0|0|(37.807986,34.907224)(0.213982,-0.307853)|2:0:(39.879302,42.849128)(-0.576101,-0.817379)(-2.861399,-8.451430)(-0.000000,0.000000)|1:0:(35.090130,39.637401)(0.823260,-0.073815)(2.733130,5.288783)(0.000000,0.000000)|1:1:(74.120671,64.354762)(-0.083795,-0.742517)(0.000000,-29.882202)(0.000000,0.000000)|2:1:(113.046196,45.426185)(0.010678,0.090143)(-0.035518,-0.336042)(-0.000000,0.000000)
2,0,mil|566|2000|0|0|0|(40.417201,31.153383)(0.040658,-0.058495)|2:0:(36.687700,30.411405)(-0.015463,-0.144409)(-0.000000,0.656064)(-0.000000,0.000000)|1:0:(37.597286,45.255167)(-0.239032,0.390701)(-0.836319,0.135534)(0.000000,0.000000)|1:1:(73.670111,38.509857)(-0.000558,-1.000000)(0.000000,-8.297979)(0.000000,0.000000)|2:1:(113.006919,45.059992)(-0.006500,-0.059959)(-0.013419,-0.119950)(-0.000000,0.000000)
2,0,attaquant|648|2000|0|0|0|(41.046130,30.248552)(0.000251,-0.000362)|2:0:(36.548554,30.254059)(-0.000003,0.007213)(-0.000000,0.002068)(-0.000000,0.000000)|1:0:(37.004229,45.007477)(-0.001762,0.009203)(-0.005991,0.001726)(0.000000,0.000000)|1:1:(73.667098,30.220355)(-0.000000,-0.031560)(0.000000,-0.003001)(0.000000,0.000000)|2:1:(113.000043,45.000359)(-0.000131,-0.001188)(-0.000174,-0.001547)(-0.000000,0.000000)
2,0,attaquant|701|2000|0|0|0|(41.049919,30.243101)(0.000009,-0.000014)|2:0:(37.975792,44.754920)(0.012803,0.129700)(0.037010,0.374780)(-0.000000,0.000000)|1:0:(37.000101,45.000576)(-0.000274,0.000373)(-0.000375,-0.000203)(0.000000,0.000000)|1:1:(73.667098,30.241041)(-0.000000,-0.001175)(0.000000,0.000899)(0.000000,0.000000)|2:1:(112.999997,44.999975)(-0.000011,-0.000096)(-0.000008,-0.000071)(-0.000000,0.000000)
2,0,mil|708|2000|0|0|0|(41.049971,30.243026)(0.000006,-0.000009)|2:0:(37.992702,44.926160)(0.015529,0.157266)(0.022827,0.231106)(-0.000000,0.000000)|1:0:(36.999792,45.000185)(-0.000236,-0.000241)(-0.000028,-0.000425)(0.000000,0.000000)|1:1:(73.667098,30.242489)(-0.000000,0.000950)(0.000000,0.001496)(0.000000,0.000000)|2:1:(112.999993,44.999936)(-0.000004,-0.000035)(0.000003,0.000029)(-0.000000,0.000000)
2,0,mil|837|2000|0|0|0|(41.050067,30.242888)(0.000000,-0.000000)|2:0:(38.166330,30.249155)(0.000000,0.006880)(-0.000000,0.000612)(-0.000000,0.000000)|1:0:(37.000000,45.000000)(-0.000000,-0.000000)(0.000000,-0.000000)(0.000000,0.000000)|1:1:(73.667098,30.242888)(-0.000000,0.000002)(0.000000,0.000001)(0.000000,0.000000)|2:1:(113.000000,45.000000)(0.000000,0.000000)(0.000000,0.000000)(-0.000000,0.000000)
2,0,attaquant|848|2000|0|0|0|(41.050067,30.242888)(0.000000,-0.000000)|2:0:(38.166330,30.244020)(0.000000,0.004296)(-0.000000,0.003164)(-0.000000,0.000000)|1:0:(37.000000,45.000000)(-0.000000,-0.000000)(-0.000000,-0.000000)(0.000000,0.000000)|1:1:(73.667098,30.242888)(-0.000000,0.000001)(0.000000,0.000001)(0.000000,0.000000)|2:1:(113.000000,45.000000)(-0.000000,-0.000000)(0.000000,0.000000)(-0.000000,0.000000)
2,0,attaquant|908|2000|0|0|0|(41.050067,30.242888)(0.000000,-0.000000)|2:0:(37.998560,45.126580)(-0.002287,0.200862)(-0.000847,0.074283)(-0.000000,0.000000)|1:0:(37.000000,45.000000)(0.000000,-0.000000)(0.000000,0.000000)(0.000000,0.000000)|1:1:(73.667098,30.242888)(-0.000000,0.000000)(0.000000,-0.000000)(0.000000,0.000000)|2:1:(113.000000,45.000000)(0.000000,0.000000)(0.000000,0.000000)(-0.000000,0.000000)
2,0,mil|920|2000|0|0|0|(41.050067,30.242888)(0.000000,-0.000000)|2:0:(37.998972,45.090339)(-0.001051,0.092227)(-0.000022,0.001888)(-0.000000,0.000000)|1:0:(37.000000,45.000000)(0.000000,-0.000000)(0.000000,0.000000)(0.000000,0.000000)|1:1:(73.667098,30.242888)(-0.000000,0.000000)(0.000000,-0.000000)(0.000000,0.000000)|2:1:(113.000000,45.000000)(0.000000,0.000000)(0.000000,0.000000)(-0.000000,0.000000)
2,0,attaquant|1001|2000|0|0|0|(41.050067,30.242888)(0.000000,-0.000000)|2:0:(37.999629,30.227113)(0.000000,0.068645)(-0.000000,0.084419)(-0.000000,0.000000)|1:0:(37.000000,45.000000)(0.000000,-0.000000)(0.000000,-0.000000)(0.000000,0.000000)|1:1:(73.667098,30.242888)(-0.000000,0.000000)(0.000000,0.000000)(0.000000,0.000000)|2:1:(113.000000,45.000000)(0.000000,0.000000)(0.000000,0.000000)(-0.000000,0.000000)
2,0,mil|1012|2000|0|0|0|(41.050067,30.242888)(0.000000,-0.000000)|2:0:(37.999820,38.197658)(0.000025,1.000000)(0.000205,7.802342)(-0.000000,0.000000)|1:0:(37.000000,45.000000)(-0.000000,-0.000000)(0.000000,-0.000000)(0.000000,0.000000)|1:1:(73.667098,30.242888)(-0.000000,0.000000)(0.000000,0.000000)(0.000000,0.000000)|2:1:(113.000000,45.000000)(0.000000,0.000000)(0.000000,0.000000)(-0.000000,0.000000)
